ETH vol 0.06313100 0 0.06313500 0 0 0.06315300 0.06315400 0 0 0 0.06315800 0
LTC vol 0.00374200 0 0.00374200 0.00374300 0.00374400 0 0.00374500 0.00374600 0.00374700 0.00374900 0.00375100 0.00375500
BNB vol 0.00894400 0.00894500 0.00894700 0.00894800 0.00894900 0.00895000 0.00895200 0.00895300 0.00895700 0.00895800 0 0.00895900
NEO vol 0.00090200 0 0.00090400 0 0 0.00090500 0.00090600 0 0.00090800 0.00090900 0.00091100 0.00091400
NEO vol 0.00090200 0 0 0 0 0 0 0 0 0 0 0
GAS vol 0.00020070 0 0.00020090 0.00020350 0.00020990 0.00021070 0 0 0 0 0 0
GAS vol 0.00020070 0 0 0 0 0 0 0 0 0 0 0
GAS vol 0.00020070 0 0 0 0 0 0 0 0 0 0 0
WTC vol 0.00001549 0 0.00001571 0.00001574 0.00001575 0.00001603 0.00001740 0.00001760 0 0 0 0
LRC vol 0.00000638 0 0 0.00000639 0.00000640 0.00000642 0.00000650 0.00000673 0.00000677 0.00000680 0.00000686 0.00000693
