$$$/BTC 1261 0.03200325 2.5e-07 2.7e-07 2.8e-07 0 0 0 3e-07 3.8e-07 4e-07 5.5e-07 9e-07
$PAC/BTC 5869 5.05665888 5.9e-07 0 0 5.9e-07 0 0 0 6e-07 6.1e-07 6.2e-07 6.4e-07
1337/BTC 5181 0.09870176 2e-08 0 0 0 0 0 0 0 0 0 2e-08
21M/BTC 5313 0.01565917 1.631e-05 1.918e-05 1.968e-05 1.975e-05 0 0 2.357e-05 3.3e-05 3.923e-05 4.605e-05 6e-05
300/BTC 5280 0.03252846 0.08499682 0.085 0.08710016 0 0.097 0.0975 0.11099999 0.124 0.1495 0.16106 0.19227089
42/BTC 4601 0.7834952 3.74348749 0 3.74348749 0 3.74423634 3.76906995 3.91556684 3.92144581 5.40779986 6.74834333 8.1
611/BTC 5289 0.01075715 3.234e-05 0 3.955e-05 4.362e-05 4.473e-05 5e-05 6.995e-05 8.373e-05 9.876e-05 0.00010785 0.00016651
808/BTC 3990 0.02131507 1e-08 0 0 0 0 0 0 0 0 0 0
888/BTC 3969 0.06295861 4.5e-07 0 4.6e-07 4.9e-07 5.5e-07 6e-07 7.2e-07 9.9e-07 1.25e-06 1.39e-06 1.95e-06
8BIT/BTC 1769 0.0059277 2.788e-05 0 0 0 2.799e-05 3.118e-05 3.393e-05 4.4e-05 5.114e-05 5.747e-05 7.6e-05
ABC/BTC 5393 0.01843433 0.00419054 0.0041982 0.00451079 0.00508843 0.00601888 0.00608488 0.00678405 0.00914112 0.01 0.01452244 0.0189
ABY/BTC 5396 0.16376621 1.14e-06 1.18e-06 1.19e-06 1.23e-06 0 0 1.28e-06 1.48e-06 1.7e-06 1.97e-06 2.22e-06
AC/BTC 1879 0.08560133 5.6e-07 0 5.6e-07 7.1e-07 8.5e-07 8.6e-07 9.2e-07 1.19e-06 1.44e-06 0 1.48e-06
AC3/BTC 5859 5.35635637 4.377e-05 4.405e-05 0 0 4.454e-05 0 5e-05 5.792e-05 6.999e-05 0.00012309 0.0001912
ACC/BTC 5331 0.15547752 9.78e-06 0 1.034e-05 1.044e-05 1.22e-05 1.248e-05 1.399e-05 1.536e-05 1.65e-05 1.786e-05 1.998e-05
ACOIN/BTC 3134 0.00720432 1.058e-05 1.067e-05 1.097e-05 1.3e-05 1.5e-05 1.744e-05 2.2e-05 3.15e-05 3.248e-05 4.254e-05 4.899e-05
ADC/BTC 2170 0.17031749 4e-07 0 4.2e-07 0 4.4e-07 4.5e-07 0 4.8e-07 4.9e-07 5.3e-07 6.4e-07
ADST/BTC 5375 1.5560219 2.71e-05 0 0 0 2.764e-05 2.913e-05 3.498e-05 3.503e-05 3.838e-05 4.175e-05 5.199e-05
AGA/BTC 4109 0.46449686 5e-08 0 0 0 0 0 5e-08 0 7e-08 8e-08 0
ALEX/BTC 4839 0.12223067 2.785e-05 2.98e-05 3.27e-05 3.839e-05 4.4e-05 0 5.147e-05 8.919e-05 0.0001 0.00012276 0.0001525
ALIS/BTC 5603 1.38677891 2.699e-05 0 2.747e-05 2.755e-05 2.893e-05 2.901e-05 2.925e-05 2.932e-05 2.956e-05 3.016e-05 3.1e-05
ALL/BTC 4923 0.06094672 2.09e-06 2.5e-06 2.69e-06 2.9e-06 3.07e-06 3.48e-06 4.3e-06 4.6e-06 5.37e-06 5.62e-06 7.1e-06
ALT/BTC 4997 0.00327298 0.00245007 0.00250007 0.00255109 0.00265627 0.004 0.0043 0.0051 0.00775545 0.00937777 0.01 0.0139
AMN/BTC 5951 5.52252885 5.63e-06 0 5.63e-06 5.65e-06 0 5.66e-06 5.88e-06 6.09e-06 7e-06 7.96e-06 8.37e-06
AMP/BTC 4953 0.78154285 3.116e-05 0 3.115e-05 3.144e-05 3.347e-05 3.35e-05 3.5e-05 3.888e-05 4e-05 4.989e-05 5.031e-05
ANI/BTC 2099 3.09253983 1.52e-06 1.54e-06 1.55e-06 1.58e-06 1.67e-06 1.7e-06 1.82e-06 0 1.99e-06 2.05e-06 0
APX/BTC 5558 4.95558548 0.001025 0 0 0 0 0 0.00104333 0 0.00104975 0 0.00105
ARC/BTC 4306 0.29364297 6.27e-06 0 6.31e-06 6.32e-06 6.61e-06 6.96e-06 7.38e-06 9.68e-06 1e-05 1.145e-05 1.23e-05
ARCO/BTC 4447 0.10311751 3.61e-05 0 0 3.738e-05 4.5e-05 5e-05 5.01e-05 6.634e-05 7.749e-05 8.394e-05 0.0001
ARG/BTC 3498 0.29943838 1.756e-05 1.755e-05 0 1.984e-05 2.202e-05 2.307e-05 2.37e-05 2.888e-05 3.226e-05 3.5e-05 3.654e-05
ARGUS/BTC 4867 0.00814219 1.83e-06 1.85e-06 1.92e-06 2.2e-06 2.71e-06 2.75e-06 3.24e-06 4e-06 0 4.4e-06 4.43e-06
ARI/BTC 1142 0.01294768 2.6e-07 2.6e-07 0 2.9e-07 3.6e-07 4.1e-07 4.5e-07 4.6e-07 5.7e-07 6.4e-07 8.8e-07
ARK/BTC 4978 0.64883676 0.00035577 0.00035573 0.00035577 0.0003558 0.00037341 0.00038298 0.00039 0.0003914 0.0004 0.00040444 0.00045218
ATH/BTC 5469 0.01368397 0.04836144 0.04837109 0.0485 0.04999946 0.05239998 0.0535 0.059 0.06499998 0.0715 0.09 0.13
ATMOS/BTC 5050 1.64872053 1.01e-05 1.01e-05 1.026e-05 0 1.09e-05 1.106e-05 1.39e-05 1.46e-05 1.487e-05 0 1.49e-05
ATOM/BTC 4278 0.00345803 2.22e-06 0 2.28e-06 2.29e-06 2.98e-06 3.06e-06 3.28e-06 3.69e-06 3.93e-06 4e-06 4.46e-06
AU/BTC 3955 1.26530987 0.00434581 0.00434581 0.00468747 0 0 0 0 0.0055 0.0056 0.00628645 0.00649
AUR/BTC 2671 0.55736016 9.39e-05 9.597e-05 0.00010499 0 0.000105 0.00011906 0.0001217 0.0001355 0.00014609 0.00016 0.00023
AURS/BTC 5765 0.14605507 2.406e-05 0 2.467e-05 2.499e-05 2.745e-05 3.5e-05 3.711e-05 4.5e-05 4.754e-05 9.4e-05 0.00015
BAT/BTC 3140 0.002 1e-08 0 0 0 0 0 0 0 0 0 0
BAY/BTC 5298 0.35400565 6.55e-06 0 0 6.84e-06 6.86e-06 7.3e-06 7.53e-06 7.74e-06 8.45e-06 8.73e-06 9.27e-06
BCF/BTC 1149 0.04622782 5.43e-06 0 5.52e-06 5.64e-06 6e-06 6.05e-06 6.8e-06 6.99e-06 8.08e-06 9.49e-06 1.3e-05
BCH/BTC 5355 9.40000744 0.17421821 0 0 0.1741385 0 0 0.17415592 0.17415593 0.17416336 0.17454331 0
BCPT/BTC 5725 0.40685001 6.122e-05 0 6.122e-05 6.123e-05 6.241e-05 0 6.712e-05 7.6e-05 8.455e-05 8.996e-05 0
BDL/BTC 5490 1.20868116 8.4e-07 0 0 8.6e-07 8.7e-07 9.4e-07 9.7e-07 1e-06 1.22e-06 1.3e-06 1.33e-06
BEAN/BTC 2929 0.37546075 1.13e-06 1.13e-06 1.17e-06 1.2e-06 1.25e-06 1.29e-06 1.35e-06 1.5e-06 1.77e-06 1.87e-06 2.05e-06
BEEZ/BTC 3098 0.01453134 3.7e-07 4.2e-07 4.7e-07 5e-07 6.1e-07 6.2e-07 7.9e-07 0 1.06e-06 1.34e-06 1.76e-06
BENJI/BTC 4179 0.03408866 4.7e-07 5e-07 5.6e-07 6.4e-07 6.5e-07 6.9e-07 8e-07 9.6e-07 1.21e-06 1.51e-06 2.11e-06
BERN/BTC 3540 0.05833035 5.2e-07 0 5.6e-07 5.7e-07 5.8e-07 6.1e-07 7e-07 9.5e-07 9.6e-07 1.15e-06 1.76e-06
BEST/BTC 5018 0.00160001 5e-07 7.2e-07 7.9e-07 9.5e-07 1.11e-06 1.12e-06 1.25e-06 1.51e-06 2e-06 2.59e-06 3.5e-06
BGR/BTC 2232 0.05503741 1.1e-07 0 1.2e-07 1.3e-07 1.5e-07 0 0 1.6e-07 1.8e-07 2.7e-07 3.2e-07
BIP/BTC 4341 0.03432368 7e-06 7.83e-06 7.94e-06 8e-06 9.63e-06 0 9.72e-06 1.49e-05 1.523e-05 2.079e-05 2.6e-05
BIRD/BTC 5846 0.0 1e-08 0 0 0 0 0 0 0 0 0 0
BIS/BTC 5588 3.3426051 0.0001637 0.00016362 0.000164 0.00016486 0.00016499 0 0.00016501 0 0.0001695 0.00016958 0.00017494
BITG/BTC 5930 33.19922118 0.00078063 0 0 0.00078055 0 0.00078063 0.00079364 0.00083649 0.00089998 0.00093 0.00099255
BITS/BTC 5066 0.0 5.06e-06 0 0 0 0 0 0 0 0 0 0
BKCAT/BTC 5507 0.300749 7.883e-05 0 7.883e-05 7.898e-05 7.899e-05 0 7.9e-05 8.1e-05 8.326e-05 9.02e-05 0.00011
BLC/BTC 3195 0.03360466 2.42e-06 2.6e-06 2.75e-06 2.89e-06 3.25e-06 3.5e-06 3.9e-06 4.89e-06 5.99e-06 6.6e-06 9.72e-06
BLK/BTC 2441 0.26102566 3.268e-05 3.264e-05 0 0 0 3.266e-05 3.297e-05 3.458e-05 3.9e-05 4.412e-05 4.788e-05
BLOCK/BTC 5915 0.01604426 0.00175471 0 0.00182141 0.00190431 0.00209 0.00215939 0.00216 0 0.0023 0.00288612 0.00435
BLZ/BTC 1714 0.03608066 1e-07 0 1.1e-07 1.2e-07 1.3e-07 0 1.6e-07 0 1.9e-07 2e-07 2.2e-07
BNC/BTC 5322 0.0078688 7.728e-05 8.378e-05 8.379e-05 9.888e-05 9.966e-05 9.967e-05 0.00011483 0.00018 0.00023 0.00025 0.0003945
BNX/BTC 2178 0.02111069 2.1e-07 2.6e-07 2.7e-07 2.8e-07 3.2e-07 3.4e-07 3.7e-07 4.2e-07 4.5e-07 4.9e-07 5.7e-07
BOLI/BTC 2601 0.06663481 4.41e-06 4.98e-06 5.9e-06 6.49e-06 7e-06 7.5e-06 8.5e-06 9.88e-06 1e-05 1.05e-05 1.2e-05
BON/BTC 5752 2.81312905 5.018e-05 0 5.019e-05 0 5.23e-05 5.231e-05 5.241e-05 5.5e-05 6.474e-05 7.05e-05 8.483e-05
BOP/BTC 5527 0.00546392 5.133e-05 0 5.133e-05 5.134e-05 5.174e-05 5.999e-05 6.425e-05 9.708e-05 0.000129 0.00016 0.00021
BPL/BTC 5686 0.06766967 2.03e-05 2.029e-05 2.045e-05 0 2.098e-05 0 2.29e-05 2.297e-05 2.39e-05 2.5e-05 2.549e-05
BRG/BTC 3177 0.005301 9e-08 0 1e-07 1.1e-07 1.2e-07 0 1.6e-07 1.9e-07 2.2e-07 2.5e-07 3e-07
BRO/BTC 5387 0.12791653 1.489e-05 1.489e-05 1.49e-05 1.491e-05 1.78e-05 1.949e-05 2.102e-05 2.65e-05 3.005e-05 3.2e-05 5.376e-05
BSD/BTC 1292 0.05721627 7.941e-05 0 0 0 7.942e-05 8.75e-05 9.602e-05 0.00011361 0.00013456 0.00014987 0.00017445
BSTY/BTC 1334 0.01428288 1.77e-06 1.83e-06 2.09e-06 2.12e-06 2.44e-06 2.49e-06 2.88e-06 3.3e-06 3.98e-06 4e-06 5.98e-06
BTA/BTC 2664 0.12251329 2.032e-05 0 2.037e-05 2.129e-05 2.362e-05 2.555e-05 2.688e-05 3.33e-05 4.304e-05 5.354e-05 5.505e-05
BTB/BTC 2795 0.01899447 0.00202 0 0.00216 0.00244 0.0024784 0.0025 0.00349999 0.0045 0.0055 0.0057 0.0064
BTCD/BTC 2685 0.40186395 0.01267975 0 0 0.01267975 0.01290988 0.01347569 0.01499999 0.01744462 0.01900804 0.02 0.0240063
BTCS/BTC 2602 0.21939723 5.02e-06 5.07e-06 5.09e-06 5.38e-06 6.89e-06 7e-06 8.11e-06 9.45e-06 9.85e-06 1.248e-05 1.645e-05
BTDX/BTC 5609 0.27373551 2.236e-05 2.424e-05 2.456e-05 0 0 0 2.47e-05 2.561e-05 3.336e-05 3.801e-05 4.996e-05
BTG/BTC 4088 0.04847464 0.00101736 0 0.00101776 0.001018 0.00104622 0.00111863 0.00135 0.00146703 0.00210253 0.00240002 0.0037
BTM/BTC 5514 1.10921708 8.46e-05 0 8.46e-05 8.462e-05 9.05e-05 9.25e-05 9.922e-05 0.00011 0.00011575 0.00011918 0.00012189
BTX/BTC 5074 14.51967994 0.0006945 0 0.00069451 0 0.00069998 0 0 0.0007 0.000715 0.000732 0.00075333
BUCKS/BTC 2851 0.0 0.0002064 0 0 0 0 0 0 0 0 0 0
BUMBA/BTC 2643 0.03193259 6.3e-07 0 6.4e-07 7.9e-07 9.7e-07 1.2e-06 1.61e-06 1.91e-06 0 2.5e-06 3.3e-06
BUN/BTC 5842 0.05444944 1e-08 0 0 0 0 0 0 0 0 0 0
BVB/BTC 4137 0.11385329 4.9e-07 0 5.4e-07 5.9e-07 7.4e-07 7.9e-07 8.8e-07 1.4e-06 1.6e-06 2e-06 2.25e-06
BWK/BTC 5789 9.00772461 0.0001505 0.00015183 0 0 0.00015189 0.00015233 0.00015536 0 0 0.00015537 0.000165
BXC/BTC 3575 0.09407873 1.18e-06 1.34e-06 1.45e-06 1.5e-06 1.68e-06 1.7e-06 1.91e-06 3.32e-06 4.18e-06 5e-06 6e-06
C2/BTC 5103 0.00952841 2.8e-07 2.8e-07 3e-07 3.5e-07 3.8e-07 4e-07 4.5e-07 6.5e-07 7.4e-07 8.7e-07 1.09e-06
CACH/BTC 5165 0.11923068 2.45e-06 2.49e-06 2.69e-06 3.08e-06 3.6e-06 3.94e-06 4.21e-06 5.58e-06 7.02e-06 7.98e-06 1e-05
CAN/BTC 5855 0.03751616 2.651e-05 0 2.802e-05 2.868e-05 0 0 3.2e-05 3.8e-05 4.83e-05 5.762e-05 7.999e-05
CANN/BTC 2521 0.2193706 6.35e-06 6.49e-06 6.5e-06 6.53e-06 6.8e-06 7.65e-06 7.71e-06 8.34e-06 8.79e-06 9.12e-06 9.49e-06
CAPP/BTC 5824 9.312897 5.56e-06 0 0 5.56e-06 0 5.63e-06 5.65e-06 6.06e-06 6.12e-06 6.61e-06 7e-06
CAR/BTC 4517 0.06995401 5e-08 0 5e-08 0 0 0 0 7e-08 8e-08 9e-08 0
CAT/BTC 2887 0.07195145 4.16e-06 0 5.01e-06 5.27e-06 5.39e-06 0 5.8e-06 7.92e-06 8.5e-06 1e-05 1.151e-05
CBX/BTC 1465 0.16351013 0.00037369 0.00037369 0 0.00041986 0 0.00049249 0.0004925 0 0.00055521 0.00059412 0.00075
CC/BTC 3631 0.00237241 3.67e-06 4.17e-06 4.25e-06 4.8e-06 5.92e-06 6.66e-06 7.42e-06 8.97e-06 1.3e-05 1.75e-05 3e-05
CCB/BTC 1232 0.00269321 1e-08 0 0 0 0 0 0 0 0 1e-08 0
CCN/BTC 4236 0.06833618 7.05e-06 7.07e-06 7.09e-06 7.1e-06 7.8e-06 0 7.81e-06 1.2e-05 1.345e-05 1.49e-05 1.81e-05
CDN/BTC 2545 0.08599997 2.33e-06 2.74e-06 2.76e-06 0 0 3e-06 3.11e-06 3.3e-06 3.49e-06 4e-06 4.58e-06
CEFS/BTC 5570 0.21339699 0.19967412 0 0.19967395 0.19967397 0.19967404 0.2 0.21777777 0.219 0.22999999 0.244 0.2475
CENNZ/BTC 5871 32.61835214 4e-05 0 0 0 0 0 0 0 0 0 0
CFC/BTC 2241 0.024838 2.4e-07 2.4e-07 0 2.5e-07 3.1e-07 3.2e-07 3.3e-07 4.1e-07 6e-07 6.4e-07 8e-07
CHAN/BTC 5249 0.3210027 2.81e-06 3.2e-06 3.24e-06 3.35e-06 3.49e-06 0 3.5e-06 4.22e-06 4.75e-06 6e-06 7e-06
CHC/BTC 2186 0.78241278 1.698e-05 0 0 1.698e-05 1.815e-05 1.887e-05 1.934e-05 2.2e-05 2.41e-05 2.585e-05 2.999e-05
CHESS/BTC 4510 0.49930165 8.8e-07 9e-07 9.2e-07 9.4e-07 1.09e-06 1.17e-06 1.35e-06 1.5e-06 1.79e-06 1.98e-06 2.35e-06
CJ/BTC 3997 0.0632438 1e-07 0 0 0 0 0 0 1.1e-07 1.2e-07 1.3e-07 1.5e-07
CL/BTC 5852 0.25891611 2.79e-06 0 0 2.91e-06 3.25e-06 3.58e-06 4.5e-06 5.87e-06 9.51e-06 1.138e-05 2.059e-05
CLAM/BTC 2529 3.97939074 0.0005 0 0 0 0 0 0 0 0.0005 0.00050599 0.0009
CLOAK/BTC 3603 1.72720106 0.00156996 0.00157999 0 0.00160999 0 0 0.00165 0.00189 0.00239 0.0024999 0.00278444
CMP/BTC 5768 0.0 0.0014 0 0 0 0 0 0 0 0 0 0
CMPCO/BTC 5436 2.98298248 9.2e-07 0 0 0 9.2e-07 9.3e-07 9.6e-07 9.9e-07 1e-06 1.05e-06 1.08e-06
CMT/BTC 4081 0.0539273 1.33e-05 1.351e-05 1.393e-05 1.416e-05 1.431e-05 1.599e-05 2.2e-05 2.555e-05 3e-05 3.983e-05 4.15e-05
CNNC/BTC 5439 0.06243304 4.72e-06 5.27e-06 5.5e-06 5.82e-06 5.98e-06 0 7.99e-06 1.35e-05 1.62e-05 2e-05 2.4e-05
CNO/BTC 5650 0.0108279 2.8e-07 3.2e-07 3.3e-07 0 3.4e-07 3.9e-07 4e-07 5e-07 6.5e-07 7.9e-07 1e-06
COAL/BTC 4257 0.31694876 3.78e-06 3.82e-06 3.89e-06 4e-06 4.97e-06 0 5.44e-06 7e-06 0 7.5e-06 8.8e-06
COLX/BTC 5884 21.22887847 2.8e-07 0 0 0 0 0 0 2.8e-07 0 0 2.9e-07
COMP/BTC 5631 0.11415201 2e-08 0 0 0 0 0 0 0 0 0 0
CON/BTC 1243 2.48467425 7.3e-07 7.7e-07 0 8.4e-07 9.6e-07 1.07e-06 1.15e-06 0 0 1.35e-06 1.86e-06
COPPER/BTC 5637 0.05294609 1.7e-07 0 1.8e-07 1.9e-07 2e-07 2.3e-07 2.6e-07 3.1e-07 3.8e-07 4.4e-07 6.6e-07
COR/BTC 5540 0.21013431 1.489e-05 0 0 1.49e-05 1.498e-05 0 1.5e-05 1.73e-05 2.599e-05 3.495e-05 3.9e-05
CPN/BTC 2210 0.36188497 6.4e-07 0 6.5e-07 6.6e-07 6.8e-07 7.9e-07 1e-06 1.23e-06 1.36e-06 1.78e-06 2.14e-06
CQST/BTC 4419 0.29733261 4.1e-07 0 4.2e-07 4.7e-07 0 5e-07 6e-07 7.6e-07 1.1e-06 1.23e-06 1.4e-06
CRAVE/BTC 5872 0.86890503 2.046e-05 2.093e-05 0 2.107e-05 2.204e-05 2.22e-05 2.279e-05 2.352e-05 2.4e-05 2.42e-05 2.567e-05
CRC/BTC 5809 2.11833007 4.349e-05 4.434e-05 4.44e-05 4.697e-05 4.869e-05 4.9e-05 5.33e-05 6.827e-05 7.545e-05 7.997e-05 8.255e-05
CREA/BTC 5107 0.17341533 1.744e-05 0 1.743e-05 1.744e-05 1.752e-05 1.753e-05 1.8e-05 2.07e-05 2.391e-05 2.96e-05 3.204e-05
CRM/BTC 5463 0.45119255 1.9e-06 1.92e-06 2.08e-06 2.2e-06 2.22e-06 0 2.31e-06 2.92e-06 3.06e-06 3.3e-06 3.57e-06
CRUR/BTC 5689 0.000501 1e-08 0 0 0 0 0 0 0 0 0 0
CRX/BTC 4074 0.03674057 6.6e-07 6.9e-07 7e-07 9.3e-07 1.04e-06 1.09e-06 1.28e-06 1.48e-06 1.93e-06 2e-06 2.87e-06
CRYPT/BTC 5190 0.00288057 1.472e-05 1.598e-05 0 0 0 1.7e-05 1.711e-05 2.583e-05 0 0 3.6e-05
CTIC3/BTC 5606 0.16065661 4.8e-07 5e-07 5.3e-07 5.5e-07 5.7e-07 5.9e-07 6.9e-07 7.8e-07 8.2e-07 8.7e-07 1e-06
CTR/BTC 5511 0.0 1.98e-06 0 0 0 0 0 0 0 0 0 0
CXT/BTC 5113 0.03849498 1.33e-06 0 1.35e-06 1.53e-06 1.63e-06 1.75e-06 1.89e-06 2.47e-06 3.04e-06 3.59e-06 5.1e-06
DALC/BTC 5402 0.01064334 3.514e-05 3.924e-05 4.152e-05 4.5e-05 5.05e-05 0 5.5e-05 6.5e-05 7.192e-05 8e-05 0.0001
DARK/BTC 1101 0.0 6.2e-06 0 0 0 0 0 0 0 0 0 0
DAS/BTC 5420 0.00889473 4.7e-06 0 5.29e-06 5.49e-06 6.58e-06 7e-06 9e-06 1.2e-05 1.7e-05 2.12e-05 2.9e-05
DASH/BTC 5009 3.04579194 0.04879095 0 0.04879087 0 0 0.04881936 0.04892117 0 0 0 0
DAXX/BTC 5194 0.09683202 1.1e-07 0 0 0 0 0 1.1e-07 1.2e-07 0 1.3e-07 1.6e-07
DBET/BTC 5777 6.67356729 1.351e-05 1.351e-05 1.365e-05 1.368e-05 1.374e-05 0 0 1.38e-05 1.399e-05 0 1.4e-05
DBIX/BTC 5454 7.6869693 0.00056781 0.00057066 0 0 0 0.00057494 0.00057999 0.00059 0.000598 0.000605 0.00061
DCN/BTC 5363 0.81546219 8e-08 0 0 0 0 0 0 0 0 0 0
DCR/BTC 3006 7.74534324 0.00919362 0 0.00919326 0.00919332 0 0 0.00924378 0.00984351 0 0 0
DCY/BTC 5198 0.05965524 9e-08 0 0 0 0 0 1.1e-07 1.3e-07 1.4e-07 1.7e-07 2e-07
DDF/BTC 5378 0.40096273 5.27e-06 0 0 0 5.3e-06 5.43e-06 7.45e-06 8.39e-06 1.037e-05 1.6e-05 2.016e-05
DEM/BTC 1844 0.43217012 5.1e-06 5.01e-06 5.1e-06 5.36e-06 5.4e-06 5.97e-06 6.05e-06 0 6.1e-06 6.2e-06 6.84e-06
DEUS/BTC 5713 0.11077638 1.03e-05 1.057e-05 1.105e-05 1.149e-05 1.199e-05 1.29e-05 1.502e-05 1.732e-05 1.95e-05 2e-05 2.202e-05
DEV/BTC 5924 10.30163209 0.00036345 0 0.00036317 0.00036318 0.00036349 0 0.0003745 0.0003794 0.00039858 0.00039998 0.000406
DFS/BTC 5640 0.0 8.4e-06 0 0 0 0 0 0 0 0 0 0
DGB/BTC 1125 6.83066169 4.76e-06 0 4.76e-06 4.78e-06 4.79e-06 4.8e-06 4.87e-06 4.9e-06 4.94e-06 5.08e-06 5.15e-06
DGC/BTC 2844 0.1715763 3.76e-06 4.1e-06 4.2e-06 4.5e-06 4.85e-06 5.16e-06 5.85e-06 7.76e-06 8.9e-06 9.25e-06 9.29e-06
DGPT/BTC 5704 1.75723085 0.000194 0 0.000202 0.00020735 0.00020818 0.00021309 0.00022105 0.00022794 0.00023596 0.000241 0.00025479
DIME/BTC 5845 0.07793457 1e-08 0 0 0 0 0 0 0 0 0 0
DIVX/BTC 5743 3.46873728 0.00034229 0.00034231 0 0 0.00034367 0.00034368 0.00034407 0.00035301 0.00036214 0.00036979 0.00037515
DNA/BTC 5780 3.08626437 2.551e-05 0 0 2.55e-05 0 2.551e-05 2.594e-05 0 2.758e-05 2.808e-05 2.995e-05
DNR/BTC 5265 1.83373787 0.00018502 0.00018503 0.00019299 0 0.000193 0.000194 0.00020164 0.00020998 0.00021 0.00021685 0.00021696
DOGE/BTC 102 19.77933082 5.2e-07 0 0 0 0 0 0 0 0 0 0
DON/BTC 4622 0.07687929 1.6e-07 0 1.7e-07 1.8e-07 1.9e-07 0 2.3e-07 2.6e-07 2.8e-07 3.1e-07 3.9e-07
DOPE/BTC 5325 0.04786648 6.58e-06 0 0 6.79e-06 0 6.81e-06 6.91e-06 7.85e-06 9.14e-06 1e-05 1.272e-05
DOT/BTC 100 7.79469142 2.38e-06 0 2.39e-06 2.49e-06 2.5e-06 0 2.59e-06 2.6e-06 2.65e-06 2.7e-06 2.73e-06
DP/BTC 5524 1.16127461 1.141e-05 1.141e-05 1.296e-05 1.299e-05 1.31e-05 1.345e-05 1.372e-05 1.444e-05 0 0 1.5e-05
DPP/BTC 5622 0.05077357 7.42e-06 8.2e-06 9.43e-06 9.49e-06 0 0 1e-05 1.4e-05 1.944e-05 2e-05 3.06e-05
DRP/BTC 5384 0.1642692 4.557e-05 4.557e-05 4.989e-05 5.097e-05 0 0 5.1e-05 0 6.01e-05 8.558e-05 9.6e-05
DRPU/BTC 5851 0.19988998 2.696e-05 0 2.862e-05 0 0 0 3.5e-05 3.6e-05 4.1e-05 4.51e-05 8.995e-05
DRXNE/BTC 5360 0.07476109 1.48e-06 0 1.55e-06 1.58e-06 1.74e-06 0 1.76e-06 1.99e-06 2.02e-06 2.1e-06 2.5e-06
DUO/BTC 2114 0.34634952 0.00011888 0.00011887 0.00011897 0.00012706 0.0001568 0 0.00017 0.00026999 0.0002997 0.0003 0.00037
EBG/BTC 2616 0.01914672 1.1e-06 1.1e-06 0 1.26e-06 1.64e-06 1.85e-06 1.95e-06 2.7e-06 3e-06 3.5e-06 5.8e-06
EC/BTC 5022 0.00160318 4.168e-05 5.109e-05 5.313e-05 6.5e-05 7e-05 7.399e-05 8e-05 0.00010444 0.00013352 0.00013599 0
ECA/BTC 5909 34.81462538 2.3e-07 0 0 0 0 0 0 0 0 0 0
ECO/BTC 5034 0.00195396 1.761e-05 1.77e-05 1.777e-05 1.795e-05 0 0 1.799e-05 2.5e-05 3.262e-05 4e-05 4.545e-05
ECOB/BTC 5225 0.16283852 1.73e-06 0 1.73e-06 2.2e-06 0 0 2.32e-06 3.54e-06 4.8e-06 6.05e-06 7e-06
EDC/BTC 4046 0.05933594 2.4e-07 0 0 0 2.5e-07 2.9e-07 3.9e-07 5.5e-07 6e-07 6.9e-07 8.8e-07
EDDIE/BTC 5680 0.98934878 1.4e-07 1.4e-07 0 1.5e-07 1.6e-07 1.7e-07 1.8e-07 2e-07 2.4e-07 2.9e-07 4e-07
EDRC/BTC 3157 0.07476593 1.11e-05 1.119e-05 1.126e-05 1.18e-05 1.3e-05 1.439e-05 1.818e-05 2.2e-05 2.398e-05 2.85e-05 3.86e-05
EFL/BTC 4158 0.18243282 2.029e-05 2.097e-05 2.099e-05 2.145e-05 0 2.254e-05 2.391e-05 3.107e-05 4e-05 0 4.5e-05
EGC/BTC 2788 0.01360599 2.932e-05 3.045e-05 3.149e-05 3.2e-05 3.399e-05 3.674e-05 4.305e-05 4.951e-05 5.145e-05 5.459e-05 5.941e-05
ELC/BTC 2257 0.01278697 5.486e-05 6e-05 6.61e-05 7e-05 8e-05 8.546e-05 9.487e-05 9.774e-05 0.00011094 0.000125 0.00015968
ELLA/BTC 5786 0.83710812 2.985e-05 0 0 3.01e-05 3.098e-05 0 3.1e-05 3.445e-05 3.556e-05 4e-05 4.27e-05
ELM/BTC 5612 0.02136859 9.6e-07 9.7e-07 9.9e-07 1.02e-06 1.17e-06 1.26e-06 1.59e-06 1.98e-06 2e-06 2.35e-06 3e-06
EMC/BTC 1735 0.08276565 0.00037666 0.0003766 0.00037661 0.00037703 0.00040298 0 0.000405 0 0.000415 0.00049 0.00056412
EMC2/BTC 5221 0.36015074 3.256e-05 0 0 0 0 0 3.254e-05 3.503e-05 3.728e-05 3.837e-05 4.075e-05
EMD/BTC 2816 0.00369426 1.66e-06 1.85e-06 1.86e-06 1.97e-06 2.38e-06 2.51e-06 2.7e-06 3.76e-06 4.1e-06 4.39e-06 4.89e-06
ENJ/BTC 5628 1.194709 1.599e-05 1.6e-05 1.621e-05 0 1.634e-05 1.7e-05 1.825e-05 1.857e-05 1.95e-05 2.13e-05 2.334e-05
EOS/BTC 5942 7.43938352 0.001938 0 0 0 0 0.001938 0.00199 0.00209023 0.0022 0.002399 0.00333333
EPC/BTC 5847 0.00115839 1e-08 0 0 0 0 0 0 0 0 0 0
EQT/BTC 5521 0.07797594 2.115e-05 0 2.291e-05 2.34e-05 2.489e-05 2.886e-05 2.957e-05 3.2e-05 3.7e-05 3.75e-05 0
ERY/BTC 4615 0.08197972 1.88e-06 0 1.9e-06 1.91e-06 0 0 2e-06 2.47e-06 3.29e-06 3.49e-06 4.8e-06
ETC/BTC 4032 11.93322961 0.00246842 0.00247091 0 0.002472 0.00248859 0 0 0.0025094 0.00251636 0.00257696 0.00267737
ETH/BTC 5203 83.1286824 0.07802415 0 0 0 0 0.07811324 0.07820915 0.0790337 0.07904951 0.07923877 0.081
ETHD/BTC 5695 0.42354088 1.305e-05 0 1.328e-05 1.329e-05 1.37e-05 1.47e-05 1.561e-05 0 0 1.599e-05 1.63e-05
ETN/BTC 5662 62.33774301 3.04e-06 0 0 0 0 3.04e-06 0 3.05e-06 3.06e-06 3.07e-06 0
ETT/BTC 5423 0.00258068 5.09e-06 5.88e-06 7.31e-06 7.98e-06 0 0 9.4e-06 1.198e-05 1.199e-05 1.449e-05 1.47e-05
EUC/BTC 2386 0.01076851 9e-07 9.8e-07 1.1e-06 1.16e-06 1.33e-06 1.49e-06 1.8e-06 2.01e-06 2.77e-06 3.8e-06 5.98e-06
EVIL/BTC 2880 0.00226767 1.67e-06 1.7e-06 2e-06 2.63e-06 3e-06 0 3.21e-06 4.54e-06 6.87e-06 7.99e-06 1.352e-05
EVO/BTC 2781 0.00888127 4.58e-06 0 4.61e-06 5.05e-06 0 0 5.69e-06 9.22e-06 1.029e-05 1.1e-05 1.5e-05
EVR/BTC 5594 11.61505018 1.561e-05 1.597e-05 0 1.598e-05 0 1.601e-05 1.681e-05 1.727e-05 1.848e-05 1.97e-05 2.222e-05
EXP/BTC 4067 0.9942158 0.00026425 0 0 0 0 0 0.00027 0.0002922 0.000309 0.00032491 0.0003589
FANS/BTC 5475 0.39566194 5.218e-05 0 5.215e-05 5.363e-05 5.593e-05 6.1e-05 6.725e-05 6.999e-05 8.5e-05 9.2e-05 0.0001
FC2/BTC 5137 0.00696761 4e-07 4.2e-07 4.8e-07 5.3e-07 6.4e-07 7.8e-07 9e-07 1.05e-06 1.4e-06 1.65e-06 2.24e-06
FCN/BTC 3526 0.0 7e-07 0 0 0 0 0 0 0 0 0 0
FCT/BTC 4172 1.03278013 0.00268571 0 0.0026885 0.00269 0.00287379 0.00290151 0.00313614 0.00325873 0.00332506 0.003873 0.00392506
FFC/BTC 3165 0.02134331 4e-08 0 0 0 0 0 0 4e-08 0 5e-08 6e-08
FJC/BTC 4144 0.09687516 8e-08 0 0 0 0 0 8e-08 0 9e-08 1e-07 1.5e-07
FLASH/BTC 5217 2.04047534 2.16e-06 2.23e-06 2.26e-06 2.28e-06 2.33e-06 2.34e-06 2.47e-06 2.5e-06 2.59e-06 2.72e-06 3.05e-06
FLAX/BTC 2082 0.00933808 1.88e-06 2.18e-06 2.23e-06 2.57e-06 2.73e-06 3.24e-06 3.94e-06 4.74e-06 6e-06 8.75e-06 9.92e-06
FLN/BTC 5843 0.00325265 1e-08 0 0 0 0 0 0 0 0 0 0
FLT/BTC 4243 0.02650476 3.1e-07 3.5e-07 3.8e-07 3.9e-07 4.4e-07 0 4.5e-07 5.9e-07 6.9e-07 7.8e-07 7.9e-07
FONZ/BTC 1494 0.0082725 1.4e-07 1.4e-07 0 1.5e-07 1.7e-07 0 2e-07 2.8e-07 3.3e-07 4e-07 4.8e-07
FORT/BTC 5372 0.0 3.17e-06 0 0 0 0 0 0 0 0 0 0
FRC/BTC 4776 0.0 1.395e-05 0 0 0 0 0 0 0 0 0 0
FRN/BTC 3146 0.04968345 4.94e-06 5.43e-06 5.44e-06 6.23e-06 7.95e-06 8.94e-06 9.99e-06 1e-05 1.361e-05 1.4e-05 1.749e-05
FST/BTC 2908 0.37415549 6e-07 7.4e-07 8e-07 8.9e-07 9.1e-07 9.3e-07 1e-06 1.1e-06 1.15e-06 1.34e-06 1.6e-06
FTC/BTC 105 0.92611369 2.312e-05 2.313e-05 2.322e-05 2.354e-05 2.377e-05 2.405e-05 2.424e-05 2.513e-05 2.75e-05 2.86e-05 3e-05
FTCC/BTC 1429 0.07096405 8e-08 0 8e-08 9e-08 1e-07 0 1.3e-07 1.5e-07 1.7e-07 1.9e-07 2.5e-07
FUNK/BTC 1686 0.002 1e-08 0 0 0 0 0 0 0 0 0 0
FUTX/BTC 5865 2.77418162 0.00044588 0.00044589 0.00044668 0.00044699 0.00044786 0 0.00059994 0.00079995 0.00085995 0.001508 0.0018
FUZZ/BTC 3052 0.02935943 2.91e-06 3.05e-06 3.55e-06 3.71e-06 3.77e-06 4.2e-06 5.1e-06 6.66e-06 7.4e-06 7.64e-06 1.17e-05
GAIA/BTC 2588 0.00220578 3.06e-06 3.52e-06 3.64e-06 3.8e-06 4.31e-06 4.82e-06 6.2e-06 8.48e-06 1.2e-05 1.348e-05 1.447e-05
GAME/BTC 2222 0.24373729 0.00017338 0.00017338 0.00017339 0.00017493 0.00018192 0.00018704 0 0 0.00020558 0.00020758 0.00021309
GAP/BTC 4228 0.00771406 2.57e-06 3.1e-06 3.28e-06 3.49e-06 3.76e-06 3.96e-06 4.2e-06 6.88e-06 8.2e-06 9e-06 1.087e-05
GBX/BTC 5719 11.63623489 0.00075235 0 0 0 0 0.00075184 0.00075186 0.00077141 0.00078993 0.00081863 0.0008207
GBYTE/BTC 5026 0.05650901 0.03099614 0.0311852 0.03371034 0.03939409 0 0.04331735 0.0457404 0.065 0 0.06859789 0.08466679
GCN/BTC 1471 0.04317911 1e-08 0 0 0 0 0 0 0 0 0 0
GDC/BTC 2353 0.04141986 4e-08 0 0 0 0 0 0 0 0 4e-08 5e-08
GEERT/BTC 4929 0.07574321 8.8e-07 1e-06 1.11e-06 1.35e-06 1.39e-06 1.49e-06 1.88e-06 2.6e-06 3.11e-06 4.32e-06 0
GEO/BTC 5856 0.07978304 0.00024832 0 0.00024835 0.00024954 0.00027005 0.00028248 0.00028588 0 0 0.00033 0.00039903
GLD/BTC 2623 0.41668271 3.099e-05 0 3.1e-05 0 3.2e-05 3.24e-05 3.44e-05 3.5e-05 3.737e-05 3.851e-05 4.2e-05
GNO/BTC 5153 0.06924934 0.01166304 0 0.01219319 0 0.0122 0.013 0.016 0.0169444 0.017 0.0194274 0.02267732
GNR/BTC 5877 0.22244954 8.28e-06 8.72e-06 0 8.76e-06 8.8e-06 9.97e-06 1.048e-05 1.377e-05 2e-05 2.5e-05 2.9e-05
GNT/BTC 5149 1.56653227 8.19e-05 0 0 0 0 8.156e-05 8.157e-05 8.159e-05 8.8e-05 9.524e-05 9.9e-05
GP/BTC 2402 0.05350734 9.09e-06 9.65e-06 9.71e-06 1.057e-05 1.1e-05 1.249e-05 1.411e-05 2.12e-05 2.873e-05 2.987e-05 3.333e-05
GPL/BTC 3219 0.00876268 3.434e-05 3.497e-05 3.55e-05 3.75e-05 4.5e-05 5e-05 5.999e-05 8e-05 0 0 0
GRN/BTC 4053 0.04694299 1.03e-06 1.04e-06 1.05e-06 1.13e-06 1.44e-06 1.57e-06 1.89e-06 2.7e-06 3e-06 3.7e-06 0
GRS/BTC 4221 0.81467978 0.0001345 0.00013449 0 0.00013457 0 0.0001482 0.00015797 0.000158 0.00016133 0.00018 0.00024
GRW/BTC 2130 0.02075096 2.7e-07 3e-07 0 0 0 0 3.5e-07 5.4e-07 6.5e-07 7.4e-07 8.9e-07
GRWI/BTC 5337 0.12569789 9.637e-05 9.698e-05 9.774e-05 9.775e-05 9.949e-05 0.00011248 0.0001238 0.000136 0.00015 0.00015432 0.000179
GUN/BTC 1459 0.10826189 5.5e-07 6.3e-07 6.5e-07 7.5e-07 8e-07 8.7e-07 9.4e-07 9.8e-07 1.08e-06 1.18e-06 1.4e-06
GXG/BTC 1411 0.009215 5e-08 0 0 0 0 0 7e-08 8e-08 1e-07 1.2e-07 1.5e-07
HAC/BTC 5543 1.3256769 2.06e-06 2.12e-06 2.18e-06 2.38e-06 3.31e-06 3.7e-06 3.8e-06 4.12e-06 4.79e-06 5e-06 7.7e-06
HAL/BTC 2985 0.00238562 9.55e-06 9.88e-06 1e-05 1.054e-05 1.348e-05 1.53e-05 1.701e-05 2e-05 3.202e-05 4.499e-05 6.6e-05
HAV/BTC 5677 1.30755961 1.427e-05 1.81e-05 0 1.831e-05 1.834e-05 1.899e-05 2.9e-05 4.297e-05 5.2e-05 6.451e-05 9.215e-05
HBC/BTC 5806 3.35458595 7.57e-06 0 0 7.6e-06 7.62e-06 7.74e-06 8.43e-06 9e-06 9.76e-06 1.038e-05 1.156e-05
HBN/BTC 1626 0.00142701 1.34e-06 0 0 1.4e-06 1.5e-06 1.55e-06 1.75e-06 2.3e-06 2.65e-06 2.8e-06 3.65e-06
HC/BTC 5716 0.3186347 1.393e-05 0 1.396e-05 1.505e-05 1.506e-05 1.55e-05 2.375e-05 2.798e-05 3.52e-05 4e-05 5e-05
HDLB/BTC 5546 0.15941188 7.63e-06 7.6e-06 7.74e-06 8.41e-06 8.58e-06 9.5e-06 9.9e-06 1.198e-05 1.488e-05 1.572e-05 1.8e-05
HEAT/BTC 5762 0.38259125 2.39e-05 0 2.395e-05 2.399e-05 0 0 2.499e-05 3.2e-05 3.4e-05 3.75e-05 4.3e-05
HLM/BTC 5591 0.0 0.0 0 0 0 0 0 0 0 0 0 0
HOLD/BTC 5692 9.04682327 6.9e-07 7.1e-07 0 0 7.2e-07 7.4e-07 7.7e-07 8.1e-07 8.3e-07 8.8e-07 9.6e-07
HSR/BTC 5582 0.64902671 0.00124544 0.00124544 0 0 0.00131812 0.00132 0.00158 0.00169836 0.00179754 0.0018 0.00181997
HST/BTC 5728 0.16799202 9.337e-05 0 0 9.7e-05 9.9e-05 9.984e-05 9.985e-05 0.00011399 0.00012951 0.0001575 0.00015944
HUSH/BTC 4405 1.10835656 0.00012954 0 0.00012948 0.00013021 0.00013403 0 0 0.00014146 0.00014777 0 0
HXX/BTC 4948 30.12189172 0.00063498 0 0 0 0 0 0.00063498 0.0006411 0.00064111 0.00064204 0.00068
HYP/BTC 1837 0.44454114 6.2e-07 0 0 6.2e-07 0 6.3e-07 6.4e-07 6.6e-07 7e-07 7.2e-07 7.9e-07
I0C/BTC 2505 0.02058424 4.89e-06 5.2e-06 5.32e-06 5.48e-06 6.51e-06 7.22e-06 7.59e-06 8.39e-06 8.7e-06 9.52e-06 1.15e-05
IC/BTC 5862 1.11875712 0.00053497 0.00053495 0.00053497 0.00055689 0 0 0.000625 0.000797 0.00096666 0.001199 0.00159199
ICOB/BTC 4566 0.00439446 1.6e-07 1.8e-07 0 0 0 0 2.2e-07 3.6e-07 4.7e-07 5e-07 5.4e-07
IDH/BTC 5939 0.63815857 5.62e-06 5.62e-06 0 5.93e-06 6.22e-06 6.41e-06 6.99e-06 1e-05 0 0 1.198e-05
IFLT/BTC 5352 0.01681926 1e-08 0 0 0 0 0 0 0 0 0 0
IFT/BTC 5408 1.02366807 5.27e-06 0 5.26e-06 0 0 5.27e-06 5.6e-06 0 5.97e-06 5.98e-06 6.2e-06
IMS/BTC 3089 0.0 4.48e-06 0 0 0 0 0 0 0 0 0 0
IN/BTC 4489 0.33771794 5e-08 0 5e-08 0 0 0 6e-08 7e-08 9e-08 1e-07 1.2e-07
INFX/BTC 2513 0.00968188 1.645e-05 1.744e-05 1.935e-05 1.963e-05 2.018e-05 2.03e-05 2.345e-05 2.669e-05 3.054e-05 3.3e-05 3.986e-05
INN/BTC 5674 0.87321582 6.79e-05 6.779e-05 6.8e-05 0 6.93e-05 6.947e-05 7.123e-05 8e-05 8.5e-05 8.779e-05 9.997e-05
INPAY/BTC 5896 0.02862241 1.903e-05 1.928e-05 2e-05 2.305e-05 2.998e-05 0 3.998e-05 0 5.555e-05 6.999e-05 7e-05
INSN/BTC 5117 0.11428842 4.7e-06 4.92e-06 5.01e-06 5.24e-06 5.25e-06 5.91e-06 6.4e-06 8.02e-06 8.42e-06 1.013e-05 1.448e-05
IQT/BTC 5530 0.00302717 1.074e-05 0 1.166e-05 1.281e-05 0 1.496e-05 1.598e-05 1.914e-05 1.998e-05 2.35e-05 2.4e-05
IRL/BTC 1851 0.14790318 1.26e-06 1.54e-06 0 0 1.55e-06 0 1.6e-06 1.96e-06 2.1e-06 2.79e-06 3.94e-06
ITI/BTC 4970 0.00115099 0.00249293 0.00249294 0.00249444 0.0031 0.0034 0.003976 0.005 0.0052999 0.005742 0.0059 0.00974
IXC/BTC 3128 0.03998749 2.2e-05 2.2e-05 2.27e-05 2.305e-05 2.4e-05 2.532e-05 2.555e-05 2.98e-05 3.36e-05 3.81e-05 0
IZE/BTC 5671 0.0 0.00014826 0 0 0 0 0 0 0 0 0 0
KASH/BTC 4193 0.03642749 4e-07 4.3e-07 4.4e-07 0 4.7e-07 5.8e-07 6.8e-07 9e-07 1.06e-06 1.35e-06 1.8e-06
KAYI/BTC 5564 0.0 3.8e-07 0 0 0 0 0 0 0 0 0 0
KBR/BTC 5774 0.96905839 3.2e-07 0 0 3.2e-07 3.4e-07 0 3.6e-07 3.8e-07 4e-07 4.5e-07 5e-07
KDC/BTC 4018 0.01853825 2.27e-06 2.49e-06 2.86e-06 3.43e-06 3.83e-06 3.9e-06 4e-06 5.75e-06 7.49e-06 8e-06 9.4e-06
KED/BTC 3116 0.01190565 1.43e-06 1.45e-06 1.59e-06 1.6e-06 1.95e-06 1.99e-06 2.58e-06 2.95e-06 3.17e-06 3.6e-06 4.95e-06
KEK/BTC 5295 0.02254625 2.028e-05 2.026e-05 2.027e-05 2.046e-05 2.224e-05 2.347e-05 2.369e-05 2.477e-05 2.549e-05 2.55e-05 2.7e-05
KGB/BTC 5430 0.0 1.52e-06 0 0 0 0 0 0 0 0 0 0
KING/BTC 5561 0.01289273 2.44e-06 2.6e-06 2.97e-06 3.14e-06 3.96e-06 4.9e-06 4.99e-06 0 6.42e-06 7.82e-06 7.95e-06
KMD/BTC 4741 1.74051347 0.00038969 0 0 0.00038928 0.00039127 0.00041 0.00043 0 0.00043621 0.00045688 0.00047479
KNC/BTC 5549 0.13694195 0.00024673 0 0 0.00024672 0.00024678 0.00028 0.0003 0.00030225 0.0003025 0.00035 0.0003913
KOBO/BTC 4531 0.05443297 9.27e-06 1.076e-05 1.099e-05 0 0 0 1.2e-05 1.5e-05 1.899e-05 1.988e-05 2.451e-05
KRB/BTC 3909 0.03717845 6.94e-05 0 6.978e-05 7.082e-05 7.649e-05 7.95e-05 7.999e-05 0.00010998 0.00011 0.00012 0.000137
KRONE/BTC 5411 0.05980095 1.39e-06 1.5e-06 1.61e-06 1.7e-06 1.97e-06 2.21e-06 2.36e-06 3.21e-06 3.95e-06 4.17e-06 4.2e-06
KUMA/BTC 3034 0.76752146 8e-08 0 0 8e-08 0 0 1e-07 0 0 1.4e-07 1.9e-07
KURT/BTC 4412 0.01737719 9e-07 0 9e-07 1.12e-06 0 0 1.34e-06 1.4e-06 1.49e-06 1.5e-06 1.63e-06
KUSH/BTC 4755 0.02546648 9.4e-06 1.009e-05 1.134e-05 1.25e-05 1.33e-05 1.4e-05 1.59e-05 1.693e-05 0 2.083e-05 2.64e-05
LANA/BTC 4650 0.02778432 8e-08 0 0 0 0 0 0 8e-08 9e-08 1e-07 1.5e-07
LBC/BTC 4165 0.65065219 3.165e-05 0 0 3.2e-05 3.3e-05 3.411e-05 3.7e-05 3.758e-05 3.858e-05 3.987e-05 4.399e-05
LBTC/BTC 5414 0.12949667 4.4e-07 4.5e-07 4.6e-07 0 4.9e-07 5.3e-07 5.9e-07 6.6e-07 8.4e-07 9.6e-07 0
LCP/BTC 5683 10.35015353 5.4e-05 0 0 0 5.782e-05 0 5.8e-05 6.171e-05 7e-05 7.796e-05 9e-05
LDC/BTC 4116 0.00473689 2.5e-07 2.7e-07 3.1e-07 3.7e-07 4.2e-07 4.9e-07 5e-07 6.9e-07 7.7e-07 9.8e-07 1.25e-06
LDOGE/BTC 1816 0.18294503 2e-08 0 0 0 0 0 0 0 0 0 0
LEA/BTC 1679 0.08591315 8e-08 0 0 0 8e-08 0 9e-08 1.1e-07 1.3e-07 0 1.4e-07
LEAF/BTC 3090 0.00416476 1e-08 0 0 0 0 0 0 0 0 0 0
LEMON/BTC 3183 0.0272287 5.1e-07 0 0 5.2e-07 6e-07 7.2e-07 8.5e-07 9.3e-07 1.2e-06 1.4e-06 1.69e-06
LFTC/BTC 2561 0.0010708 1e-08 0 0 0 0 0 0 0 0 0 0
LINA/BTC 5933 0.20443478 9.28e-06 0 9.99e-06 1e-05 1.066e-05 1.181e-05 1.221e-05 1.299e-05 1.33e-05 1.34e-05 1.543e-05
LINDA/BTC 5246 21.65139098 1.8e-07 0 0 0 0 0 0 0 0 0 1.8e-07
LINX/BTC 5340 2.24185199 1.189e-05 0 1.231e-05 1.238e-05 0 1.243e-05 1.258e-05 1.259e-05 1.3e-05 1.35e-05 1.448e-05
LIT/BTC 3201 0.02175183 1e-06 1.08e-06 1.2e-06 1.34e-06 1.42e-06 1.6e-06 1.99e-06 2.4e-06 3.5e-06 3.71e-06 5e-06
LIVE/BTC 5945 14.38427666 6.73e-06 0 6.73e-06 6.74e-06 6.85e-06 6.92e-06 7.12e-06 7.4e-06 7.87e-06 7.9e-06 1e-05
LIZI/BTC 5186 0.0 5e-08 0 0 0 0 0 0 0 0 0 0
LOT/BTC 5840 0.00339304 1e-08 0 0 0 0 0 0 1e-08 0 0 0
LSK/BTC 5948 0.45164354 0.00145452 0 0 0 0 0.00145451 0.00145563 0.00147369 0.00183999 0.00193999 0.12503
LTB/BTC 3088 0.00999496 2.877e-05 0 3.177e-05 4.5e-05 4.852e-05 5.205e-05 5.788e-05 6.937e-05 8.38e-05 0.00010895 0.00013995
LTC/BTC 101 26.31753939 0.01735463 0 0 0 0 0 0.01735463 0.01749864 0 0.01752128 0.01755222
LTCU/BTC 5417 0.20641998 5.68e-06 5.7e-06 5.99e-06 6.6e-06 7e-06 8.1e-06 1.035e-05 1.2e-05 1.35e-05 1.5e-05 2.3e-05
LUX/BTC 5643 17.40766129 0.000927 0 0 0 0 0 0 0 0.000927 0 0.0009275
LWF/BTC 5954 2.69184493 8.07e-06 0 8.05e-06 8.08e-06 0 0 8.25e-06 9.3e-06 1.35e-05 1.398e-05 1.399e-05
LYC/BTC 3561 0.0 1e-08 0 0 0 0 0 0 0 0 0 0
LYNX/BTC 2865 0.01015199 1e-08 0 0 0 0 0 0 0 0 0 0
MAC/BTC 4095 0.15844981 5.35e-06 5.69e-06 6.6e-06 7e-06 7.92e-06 0 7.94e-06 8.12e-06 9.07e-06 9.96e-06 1.298e-05
MAG/BTC 5900 1.13295101 1.123e-05 0 1.136e-05 0 0 1.139e-05 1.18e-05 1.288e-05 1.5e-05 1.831e-05 4e-05
MAGE/BTC 5795 0.07002387 1.703e-05 1.735e-05 1.84e-05 1.89e-05 1.997e-05 2.2e-05 2.988e-05 4.141e-05 6.601e-05 8.275e-05 0.000115
MAGN/BTC 5256 0.06127772 2.079e-05 2.222e-05 2.47e-05 3.079e-05 0 3.561e-05 4.9e-05 5.82e-05 6.91e-05 8e-05 0.00010499
MAID/BTC 4956 0.22199268 3.835e-05 0 0 0 0 0 3.95e-05 4.383e-05 0 0 4.5e-05
MAR/BTC 4790 0.0169864 5.43e-06 0 5.52e-06 6.36e-06 0 0 6.45e-06 1.074e-05 1.4e-05 1.644e-05 2.692e-05
MARKS/BTC 5912 0.00855912 3.906e-05 4.05e-05 0 4.055e-05 4.498e-05 4.501e-05 4.95e-05 5.899e-05 5.995e-05 6.5e-05 7.001e-05
MARS/BTC 1872 0.03233727 1.02e-06 1.04e-06 1.07e-06 1.1e-06 1.8e-06 0 2e-06 3.06e-06 4e-06 4.2e-06 4.96e-06
MARX/BTC 4685 0.14098932 4.6e-07 5e-07 5.4e-07 5.7e-07 6e-07 7.5e-07 8e-07 9.2e-07 9.8e-07 1.12e-06 1.36e-06
MATRX/BTC 5803 0.38181371 5.9e-07 6e-07 6.9e-07 7e-07 7.6e-07 8e-07 9.3e-07 1.46e-06 1.69e-06 2.78e-06 3.99e-06
MBRS/BTC 5460 0.2221435 2.46e-06 2.49e-06 0 2.53e-06 2.6e-06 2.65e-06 3e-06 4.04e-06 5.55e-06 6.79e-06 8.06e-06
MCI/BTC 5537 0.5920637 4.38e-06 0 0 4.8e-06 5.21e-06 5.41e-06 7.88e-06 1e-05 1.43e-05 1.473e-05 1.803e-05
MCRN/BTC 4825 0.07036415 2.6e-07 0 0 0 2.7e-07 3.1e-07 3.3e-07 6.8e-07 8.6e-07 1e-06 1.2e-06
MEC/BTC 1886 0.36612077 3.92e-06 3.92e-06 4.22e-06 4.5e-06 4.84e-06 0 4.94e-06 0 0 4.98e-06 5.4e-06
MGO/BTC 5319 0.98470655 4.414e-05 0 0 4.419e-05 4.491e-05 0 4.544e-05 5.31e-05 5.65e-05 6.446e-05 7.24e-05
MGX/BTC 5701 0.00108835 6.345e-05 7.09e-05 0 0 0 7.54e-05 0.0001 0.000129 0.000173 0.00017842 0.0001832
MINEX/BTC 5307 0.92554959 1.5e-06 0 1.57e-06 1.58e-06 1.6e-06 1.64e-06 1.65e-06 1.71e-06 1.75e-06 1.9e-06 2.69e-06
MINT/BTC 2894 0.42539022 5e-08 0 0 0 0 0 0 0 0 0 0
MLITE/BTC 4881 0.0291607 5e-08 5e-08 0 0 0 0 7e-08 0 8e-08 0 1e-07
MNE/BTC 5229 0.03045605 3.21e-05 3.495e-05 3.706e-05 3.995e-05 4.1e-05 5e-05 5.502e-05 5.876e-05 6.6e-05 6.8e-05 8.353e-05
MNM/BTC 3610 0.0896801 3.63e-06 4.62e-06 0 4.64e-06 6.09e-06 6.8e-06 8.22e-06 9.69e-06 1e-05 1.35e-05 0
MOIN/BTC 3091 0.08183907 1.286e-05 0 0 1.305e-05 1.477e-05 0 1.642e-05 2.429e-05 3e-05 3.579e-05 4.002e-05
MOJO/BTC 4926 0.04745814 4.99e-06 5.07e-06 5.59e-06 5.83e-06 0 6e-06 7.3e-06 7.96e-06 1e-05 1.2e-05 1.38e-05
MONK/BTC 5737 3.26707051 0.0003275 0 0.000328 0 0.000334 0.00034429 0.00035 0.000375 0.000379 0.0003953 0.00041797
MOTO/BTC 1483 0.00658232 1.9e-06 1.94e-06 0 0 0 0 2e-06 3.55e-06 4.24e-06 5e-06 6.5e-06
MSP/BTC 5310 13.03951468 2.202e-05 0 0 2.203e-05 2.204e-05 0 0 2.328e-05 2.368e-05 2.375e-05 2.48e-05
MST/BTC 4271 0.0067035 2.624e-05 2.824e-05 0 0 0 0 3e-05 4.55e-05 0 6e-05 0.000149
MTL/BTC 5500 0.6127563 0.00050999 0 0.00051466 0.00051548 0.00052917 0.00056729 0.00059 0.00059981 0 0.0006 0.0006833
MTLMC/BTC 1453 0.0 6.6e-07 0 0 0 0 0 0 0 0 0 0
MTNC/BTC 5472 0.39767331 3.3e-06 0 0 3.35e-06 4e-06 4.94e-06 5.2e-06 6.18e-06 7.5e-06 7.8e-06 9.2e-06
MUSIC/BTC 4942 0.66347546 1.83e-06 1.87e-06 1.88e-06 1.9e-06 1.95e-06 0 2e-06 2.1e-06 2.15e-06 2.3e-06 2.53e-06
MYB/BTC 5442 0.55140245 0.00032 0 0.00032 0.00032948 0 0.000334 0.00036 0 0 0.00036867 0.0004199
MZC/BTC 2580 0.39371181 1.4e-07 0 0 0 0 0 1.4e-07 1.5e-07 0 1.6e-07 0
NAMO/BTC 5405 0.12758828 4e-08 0 0 0 0 0 0 4e-08 0 5e-08 0
NAV/BTC 3041 1.01957302 0.00013517 0 0.00013526 0 0.00014398 0.000144 0.00016 0.000174 0.0001745 0.000175 0.0002
NDAO/BTC 5481 0.0 1.3e-05 0 0 0 0 0 0 0 0 0 0
NEBL/BTC 5484 2.35219208 0.00144113 0 0 0.00144048 0.0014423 0.0014715 0.00147868 0.00164007 0.0017469 0.00174995 0
NEO/BTC 5457 8.78604195 0.00837682 0.00837682 0.00842965 0.00848 0 0 0.00858431 0 0 0.00858434 0.0089
NET/BTC 2572 0.06677382 1.2e-07 0 0 0 1.2e-07 0 1.3e-07 0 1.4e-07 1.5e-07 1.7e-07
NETKO/BTC 4895 0.01596863 1.605e-05 1.656e-05 1.81e-05 0 0 0 1.899e-05 2.5e-05 2.996e-05 3.99e-05 4.8e-05
NEVA/BTC 4636 0.02360454 9.08e-06 0 9.63e-06 9.91e-06 1.035e-05 1.1e-05 1.296e-05 1.89e-05 2.24e-05 2.28e-05 2.537e-05
NKA/BTC 2162 0.06568088 2e-08 0 0 0 0 0 0 0 0 0 0
NLC2/BTC 5328 3.33848777 7.33e-06 7.42e-06 0 7.43e-06 7.52e-06 0 7.6e-06 7.7e-06 7.96e-06 8.09e-06 8.52e-06
NLX/BTC 4552 12.86470158 4.97e-06 4.97e-06 0 0 0 0 4.98e-06 5.04e-06 0 5.05e-06 5.41e-06
NMC/BTC 2957 0.08725178 0.00026694 0 0 0 0 0 0.00027 0.00027999 0.00028 0.00030782 0.00048
NMS/BTC 5812 1.03289162 5.744e-05 0 0 5.744e-05 5.919e-05 5.979e-05 6.03e-05 6.113e-05 6.5e-05 6.7e-05 7.298e-05
NOBL/BTC 5054 0.2099247 1.2e-07 0 0 0 0 0 0 1.3e-07 0 1.4e-07 1.5e-07
NOTE/BTC 2678 0.0 3.64e-06 0 0 0 0 0 0 0 0 0 0
NTRN/BTC 3092 0.53331152 1.695e-05 1.693e-05 1.7e-05 0 1.71e-05 0 1.739e-05 1.778e-05 2e-05 2.486e-05 2.954e-05
NVC/BTC 2410 0.18927445 0.00050549 0.0005055 0 0.00051999 0 0 0 0 0.00052 0.0006 0.000752
NXS/BTC 3983 1.65147522 0.00025836 0 0 0.00025815 0.00025816 0.000267 0.00027 0.000275 0.000281 0.00031 0.00034
NYAN/BTC 2609 0.01603389 1.8e-07 0 0 2e-07 2.2e-07 2.4e-07 3.6e-07 4.6e-07 6e-07 7e-07 8.1e-07
ODN/BTC 5576 0.60703107 1.184e-05 0 1.187e-05 1.2e-05 1.262e-05 0 0 1.299e-05 1.449e-05 1.47e-05 1.5e-05
OFF/BTC 1728 0.0168976 1.59e-06 1.85e-06 2.29e-06 2.48e-06 2.74e-06 2.86e-06 3.25e-06 4.68e-06 5.8e-06 6.3e-06 8.65e-06
OK/BTC 1298 0.44092775 2.034e-05 2.034e-05 2.115e-05 2.129e-05 2.196e-05 2.216e-05 2.229e-05 2.429e-05 2.525e-05 2.592e-05 2.991e-05
OMG/BTC 5445 1.23013674 0.00173938 0 0.0017394 0 0 0.00179999 0.00180032 0.00189 0.00205 0.00215341 0.0023
ONION/BTC 5656 2.74877226 0.00022999 0 0.0002316 0 0.00023163 0.00023495 0.000235 0.00023695 0 0.000239 0.00024003
OOO/BTC 4573 0.00425902 1.33e-06 0 1.33e-06 1.55e-06 0 0 1.62e-06 2.11e-06 2.5e-06 3.2e-06 4.5e-06
OPAL/BTC 4151 0.00056792 6.68e-06 6.72e-06 0 6.74e-06 7.29e-06 7.65e-06 8e-06 1.048e-05 0 1.092e-05 1.698e-05
OPC/BTC 5731 14.00152926 3.9e-07 0 0 0 0 0 0 4e-07 0 4.1e-07 4.3e-07
ORB/BTC 1417 0.01039183 6.449e-05 6.561e-05 6.58e-05 6.666e-05 6.999e-05 7.3e-05 7.9e-05 9.4e-05 9.9e-05 0.00011 0.00013
ORE/BTC 5880 1.67858232 0.00015271 0 0.00015332 0 0.00015587 0.00015819 0.000164 0.00017877 0.00018888 0.00019 0.00022
ORME/BTC 5504 96.51570375 0.00012168 0 0.00012215 0 0 0 0 0.00012223 0.00012224 0.00012226 0.00012229
OSC/BTC 2802 0.00226081 8.5e-07 9.4e-07 1.01e-06 1.18e-06 1.4e-06 1.64e-06 1.95e-06 2.49e-06 2.89e-06 4e-06 6.5e-06
OTN/BTC 5625 0.14638446 0.00036153 0 0.00037633 0.00041751 0.00044014 0.00047408 0.0005745 0.000631 0.0007718 0.00079999 0.00087762
OX/BTC 5399 0.70119045 9e-08 0 0 0 0 0 9e-08 0 0 1e-07 1.1e-07
OZC/BTC 1665 0.00695286 3e-08 0 0 0 0 0 0 0 0 3e-08 4e-08
PAK/BTC 2426 0.0392285 9.1e-07 9.2e-07 0 9.5e-07 1.02e-06 1.19e-06 1.39e-06 1.5e-06 1.6e-06 1.81e-06 2e-06
PASL/BTC 4932 0.04241604 5.98e-06 6.08e-06 6.38e-06 6.7e-06 7.8e-06 8.2e-06 9.65e-06 1.19e-05 1.44e-05 1.774e-05 2.114e-05
PAY/BTC 5451 0.46606599 0.00014884 0 0 0.00014996 0.00014998 0.00016796 0.00018 0.00019021 0 0.00020333 0.00023
PBL/BTC 5749 0.21417667 3.671e-05 0 0 3.673e-05 3.676e-05 3.78e-05 3.781e-05 4.963e-05 5.799e-05 6.1e-05 7.4e-05
PCC/BTC 2489 0.01117621 2.4e-07 2.4e-07 2.5e-07 2.8e-07 0 3e-07 3.8e-07 5.4e-07 6.3e-07 7.1e-07 9e-07
PCOIN/BTC 5792 0.33734878 4.02e-06 4.38e-06 4.46e-06 4.49e-06 0 0 6e-06 8.5e-06 1.035e-05 1.432e-05 2.389e-05
PENG/BTC 5841 0.0 1e-08 0 0 0 0 0 0 0 0 0 0
PEPE/BTC 5070 0.00064264 2.896e-05 3.405e-05 3.527e-05 3.55e-05 3.65e-05 0 4.086e-05 5.958e-05 6.152e-05 6.996e-05 9.045e-05
PHO/BTC 3207 0.14501374 1e-08 0 0 0 0 0 0 0 0 0 0
PHR/BTC 5707 8.07106136 0.00021761 0 0.00021762 0.00021792 0.000225 0.0002299 0.00023 0.0002303 0.00023144 0.00023146 0.00023399
PHS/BTC 2809 0.05400252 6.46e-06 7.2e-06 7.92e-06 8.54e-06 9.2e-06 1e-05 1.1e-05 1.3e-05 0 1.499e-05 2.04e-05
PIGGY/BTC 1672 0.12771537 1.9e-07 0 0 0 0 1.9e-07 2e-07 2.5e-07 2.8e-07 3.5e-07 4.5e-07
PINK/BTC 5062 0.07803695 2.5e-06 0 0 0 0 0 2.8e-06 2.89e-06 3.96e-06 4.5e-06 5.75e-06
PIRL/BTC 5646 3.78626574 5.873e-05 5.925e-05 0 0 0 5.945e-05 6.025e-05 6.1e-05 6.111e-05 6.185e-05 6.211e-05
PIVX/BTC 4214 1.08989322 0.00057827 0 0.00057822 0.00057838 0.00058434 0.00059305 0.00059998 0 0.0006 0.00062101 0.00066355
PLC/BTC 2122 0.09137976 4.3e-07 4.6e-07 4.8e-07 4.9e-07 0 5.1e-07 5.6e-07 8e-07 9.4e-07 9.9e-07 1.17e-06
PLR/BTC 5369 6.32547475 3.82e-05 3.869e-05 3.892e-05 3.939e-05 3.961e-05 3.973e-05 4.075e-05 4.26e-05 4.399e-05 0 4.5e-05
PLX/BTC 5746 0.02139284 1.95e-06 1.95e-06 1.97e-06 1.99e-06 2e-06 2.25e-06 2.52e-06 3.43e-06 0 4.7e-06 4.98e-06
PND/BTC 1893 0.1644809 3e-08 0 0 0 0 0 0 0 0 0 0
POLIS/BTC 5883 6.74578498 0.00067917 0 0 0 0.00067992 0 0.00067993 0.00067994 0.00068995 0.00069699 0.00071
POLL/BTC 5722 0.5773091 0.00011672 0.0001158 0.00011581 0.00011588 0.00011735 0.00012175 0.00012239 0.00012755 0.0001655 0.000169 0.000186
POP/BTC 107 0.04020354 4e-08 0 0 0 0 0 0 0 0 0 4e-08
POST/BTC 4123 0.06002455 2.23e-06 0 2.37e-06 2.52e-06 3e-06 3.79e-06 3.99e-06 4.95e-06 6.65e-06 7e-06 8.98e-06
POT/BTC 104 0.33142916 1.357e-05 1.354e-05 1.456e-05 1.457e-05 1.459e-05 0 1.463e-05 1.589e-05 1.7e-05 1.819e-05 1.944e-05
POWR/BTC 5665 0.9955923 5.347e-05 0 5.299e-05 0 0 0 5.3e-05 5.7e-05 6.37e-05 6.617e-05 6.663e-05
PPC/BTC 2394 4.81963749 0.000374 0 0.000374 0 0.00039 0 0.0003998 0.00041 0.00042 0.00043 0.000462
PR/BTC 2335 0.0005489 0.00023881 0.00023916 0.00023919 0.00028 0.000339 0.00037585 0.00045 0.00055 0.000565 0.000605 0
PRL/BTC 5830 3.58858272 7.01e-05 0 7.066e-05 7.177e-05 0 0 7.349e-05 7.75e-05 8.196e-05 8.98e-05 9.4e-05
PROC/BTC 5058 7.61223213 1.73e-06 0 0 1.69e-06 1.78e-06 0 1.79e-06 1.8e-06 1.89e-06 1.93e-06 2e-06
PROUD/BTC 3962 0.00757495 2.5e-06 0 0 0 2.51e-06 2.56e-06 3.75e-06 4.19e-06 4.95e-06 6.5e-06 9e-06
PTC/BTC 2465 0.07926759 4.81e-06 5.49e-06 5.7e-06 0 0 0 5.83e-06 5.84e-06 5.99e-06 6.78e-06 7e-06
PURA/BTC 5634 0.30626865 2.921e-05 2.997e-05 3.087e-05 3.089e-05 3.237e-05 0 3.4e-05 3.898e-05 3.9e-05 3.975e-05 4.036e-05
PUT/BTC 5030 0.41311986 7.1e-07 7.5e-07 7.6e-07 7.7e-07 7.9e-07 8e-07 8.3e-07 1e-06 1.2e-06 1.28e-06 1.3e-06
PXC/BTC 1614 0.12102018 1.07e-06 1.08e-06 1.09e-06 1.14e-06 1.19e-06 1.2e-06 1.37e-06 1.64e-06 1.8e-06 2.05e-06 2.5e-06
PXI/BTC 4692 0.05830847 1.4e-06 0 0 1.47e-06 1.61e-06 1.87e-06 1.99e-06 3.04e-06 3.64e-06 4e-06 5e-06
Q2C/BTC 4320 0.06399599 3.6e-07 3.9e-07 4.2e-07 4.4e-07 4.7e-07 4.9e-07 6.3e-07 7.8e-07 9.2e-07 1.09e-06 1.44e-06
QBT/BTC 3976 0.12285435 3.5e-07 3.6e-07 3.7e-07 3.9e-07 4.5e-07 4.6e-07 5e-07 8e-07 9.8e-07 1.1e-06 1.37e-06
QRK/BTC 2872 0.03289447 2.18e-06 0 2.3e-06 0 0 2.37e-06 2.8e-06 2.94e-06 3e-06 3.5e-06 3.95e-06
QTL/BTC 1272 0.00885802 2.6e-06 3.4e-06 3.55e-06 3.97e-06 4.07e-06 4.1e-06 4.5e-06 4.94e-06 6.5e-06 7.7e-06 9.63e-06
QWARK/BTC 5555 0.06475245 1.258e-05 1.258e-05 1.266e-05 1.352e-05 1.5e-05 1.51e-05 1.515e-05 2.007e-05 2.396e-05 2.661e-05 2.999e-05
R/BTC 5567 4.97024476 9.99e-05 0 0 0.00010164 0.00010165 0.000102 0.00010541 0.00010982 0.00011429 0.00011994 0.00014456
RAIN/BTC 5094 0.70869761 1.28e-06 1.28e-06 1.29e-06 1.31e-06 1.35e-06 0 1.4e-06 1.5e-06 1.88e-06 1.99e-06 2.4e-06
RBBT/BTC 3171 0.3635459 1e-08 0 0 0 0 0 0 0 0 0 0
RBT/BTC 2760 0.09684469 3.8e-07 0 4.4e-07 5e-07 5.2e-07 5.4e-07 6e-07 7.2e-07 7.4e-07 7.8e-07 9.3e-07
RBY/BTC 2378 0.07850304 7.511e-05 7.51e-05 7.549e-05 8.534e-05 0 8.535e-05 8.536e-05 8.538e-05 8.54e-05 8.542e-05 8.546e-05
RC/BTC 1926 0.00942562 5.68e-05 5.681e-05 0 5.683e-05 6.875e-05 7.578e-05 7.953e-05 9.5e-05 0.00011 0.0001612 0.0001989
RDD/BTC 1105 8.45097615 1.03e-06 0 0 0 0 1.03e-06 1.04e-06 1.06e-06 1.08e-06 1.09e-06 1.11e-06
RED/BTC 1304 0.02884973 3.5e-07 0 0 3.6e-07 3.9e-07 4.4e-07 5e-07 5.8e-07 6.5e-07 8e-07 9.2e-07
REP/BTC 5182 0.33536606 0.00449573 0.00449561 0.00453204 0.00467922 0.00485 0.00517944 0.00598798 0.00671002 0.00702468 0.0094 0.01
RICKS/BTC 5573 36.38465562 4.995e-05 0 0 0 0 0 4.983e-05 5.341e-05 5.45e-05 5.582e-05 5.81e-05
RIYA/BTC 5381 0.00496355 6.458e-05 7.872e-05 7.873e-05 7.991e-05 9.425e-05 0.000105 0.000125 0.00018 0.00024998 0.00029499 0.00053
RKC/BTC 5466 0.15335776 1.61e-06 1.71e-06 1.78e-06 1.8e-06 1.96e-06 2.02e-06 2.05e-06 0 2.99e-06 3e-06 3.05e-06
RNS/BTC 4902 0.09762216 3.25e-06 0 3.25e-06 3.47e-06 3.72e-06 4.38e-06 4.5e-06 5.57e-06 6e-06 6.89e-06 8e-06
RPC/BTC 3020 0.02853937 3.479e-05 3.701e-05 4.348e-05 5.102e-05 5.511e-05 0 5.9e-05 9e-05 9.144e-05 9.534e-05 0.0001
RUP/BTC 5579 1.06706514 1.318e-05 1.321e-05 1.338e-05 1.34e-05 0 1.389e-05 1.496e-05 1.639e-05 1.703e-05 1.867e-05 2e-05
SAFEX/BTC 4945 0.0 3.1e-06 0 0 0 0 0 0 0 0 0 0
SAGA/BTC 5800 1.0842017 5.2e-05 5.26e-05 5.459e-05 5.609e-05 5.699e-05 6e-05 6.29e-05 6.965e-05 7.4e-05 7.8e-05 8.34e-05
SAK/BTC 2098 0.12467743 4.2e-07 0 5.5e-07 5.9e-07 6e-07 6.2e-07 6.7e-07 8e-07 9.1e-07 1.04e-06 1.3e-06
SAND/BTC 5173 0.01098974 4.3e-07 4.7e-07 5.1e-07 5.9e-07 6.7e-07 7.1e-07 7.9e-07 9.2e-07 1e-06 1.49e-06 1.92e-06
SBC/BTC 5619 17.67000398 4.2e-07 4.3e-07 0 0 0 0 0 0 0 4.4e-07 4.5e-07
SCL/BTC 5615 0.06405387 2.991e-05 0 3.078e-05 3.079e-05 3.89e-05 0 3.899e-05 3.9e-05 4.1e-05 4.6e-05 6.24e-05
SCT/BTC 5854 0.38855882 1.571e-05 1.632e-05 0 0 0 0 1.67e-05 1.955e-05 2.2e-05 2.244e-05 2.54e-05
SDRN/BTC 5597 0.20091046 1.15e-06 0 0 1.25e-06 1.28e-06 1.33e-06 0 1.35e-06 1.8e-06 1.96e-06 2.39e-06
SEL/BTC 4545 0.3345591 5.286e-05 5.5e-05 5.999e-05 6.969e-05 8.272e-05 8.3e-05 8.67e-05 0.0001227 0.000136 0.00014568 0.00015
SEND/BTC 5783 0.55066493 1.261e-05 0 1.269e-05 1.283e-05 1.284e-05 0 1.3e-05 1.473e-05 1.582e-05 1.625e-05 1.818e-05
SFC/BTC 4713 0.03794744 1.08e-06 1.09e-06 0 0 1.1e-06 0 1.24e-06 1.6e-06 2.3e-06 2.8e-06 3e-06
SHA/BTC 2075 0.00395693 1.4e-07 0 1.4e-07 1.5e-07 1.7e-07 1.8e-07 2.1e-07 2.5e-07 2.8e-07 3.4e-07 4.8e-07
SHRM/BTC 5343 0.00460951 0.00041301 0.0004151 0.00043362 0 0.00050001 0.0005797 0.00069984 0.00069988 0.00085 0.0011 0.001348
SIB/BTC 4440 0.10127205 0.00013135 0.00013136 0.00013144 0.00013845 0.00015004 0 0.00015995 0.00017895 0.00019996 0.000218 0.00024438
SJW/BTC 2138 0.12914125 6e-08 6e-08 0 0 7e-08 8e-08 1e-07 1.2e-07 0 1.4e-07 1.7e-07
SKC/BTC 1858 0.15878946 7.37e-06 7.58e-06 7.91e-06 8.71e-06 9.09e-06 9.35e-06 1.03e-05 1.274e-05 1.398e-05 1.589e-05 1.75e-05
SKIN/BTC 5433 0.02581436 2e-06 2.06e-06 2.1e-06 2.2e-06 2.32e-06 0 2.34e-06 2.95e-06 4.4e-06 6.39e-06 6.8e-06
SKR/BTC 3213 0.01180004 3.9e-07 4.1e-07 4.3e-07 4.9e-07 6.1e-07 6.5e-07 6.8e-07 7e-07 7.7e-07 9.1e-07 1.05e-06
SKRL/BTC 5927 0.05628929 1.209e-05 0 1.32e-05 0 0 1.416e-05 1.45e-05 1.85e-05 2.1e-05 2.4e-05 5e-05
SKY/BTC 5038 58.53690448 0.00245099 0.0024501 0 0 0 0 0.00245095 0 0 0.002479 0.00249
SLG/BTC 2642 0.02021893 1.085e-05 0 1.18e-05 1.289e-05 1.358e-05 1.388e-05 1.656e-05 1.799e-05 2e-05 2.22e-05 2.694e-05
SLOTH/BTC 5844 0.00490931 1e-08 0 0 0 0 0 0 0 0 0 0
SMART/BTC 5334 0.0 2.9e-05 0 0 0 0 0 0 0 0 0 0
SMC/BTC 3624 0.01734456 1.96e-06 2.15e-06 2.27e-06 2.33e-06 2.8e-06 2.81e-06 3.23e-06 4.46e-06 5.57e-06 7e-06 8.8e-06
SOIL/BTC 5268 0.01879361 2.02e-06 0 2.29e-06 2.34e-06 2.96e-06 3.01e-06 3.69e-06 4.38e-06 5e-06 5.05e-06 8e-06
SONG/BTC 1178 0.0076371 2.6e-07 2.7e-07 2.9e-07 3.1e-07 0 3.2e-07 3.8e-07 4.4e-07 4.5e-07 6e-07 8.5e-07
SOON/BTC 1762 0.02146077 1.23e-06 0 1.24e-06 1.25e-06 1.39e-06 1.81e-06 2.25e-06 2.8e-06 3.44e-06 3.98e-06 4.8e-06
SPACE/BTC 4200 0.11665435 1.61e-06 1.66e-06 1.95e-06 2.09e-06 2.44e-06 2.5e-06 2.96e-06 3.5e-06 4.5e-06 5e-06 7.1e-06
SPANK/BTC 5818 0.95621412 2.163e-05 0 0 2.163e-05 2.164e-05 2.17e-05 2.301e-05 2.41e-05 2.46e-05 2.489e-05 2.55e-05
SPN/BTC 1506 0.001 1e-08 0 0 0 0 0 0 0 0 0 0
SPR/BTC 5552 0.2007702 5.385e-05 0 5.368e-05 5.839e-05 6.775e-05 7e-05 7.002e-05 7.877e-05 7.973e-05 9e-05 0.00011485
SPT/BTC 2265 0.04691862 3.8e-07 4e-07 4.4e-07 4.8e-07 5.8e-07 6.4e-07 7.6e-07 9.6e-07 1.23e-06 1.44e-06 1.82e-06
SQL/BTC 1596 0.23517762 5.299e-05 0 6.255e-05 6.261e-05 7.218e-05 8.75e-05 0.0001115 0.00013999 0.000188 0.0002144 0.00042518
SRC/BTC 5349 0.01178401 4.01e-06 0 4.05e-06 4.4e-06 5e-06 5.85e-06 7.81e-06 1e-05 1.597e-05 1.598e-05 1.8e-05
START/BTC 2362 0.99479789 1.95e-06 1.96e-06 2.02e-06 2.13e-06 2.35e-06 2.38e-06 2.66e-06 2.89e-06 3e-06 3.2e-06 3.9e-06
STC/BTC 4734 0.0 1.599e-05 0 0 0 0 0 0 0 0 0 0
STN/BTC 5815 0.75764878 1.298e-05 0 0 1.308e-05 1.396e-05 1.411e-05 1.546e-05 1.949e-05 2.06e-05 2.38e-05 4.012e-05
STRAT/BTC 4390 1.12832736 0.00078152 0.00079205 0.00079206 0.0008 0.00083198 0.00083199 0.00083988 0.00085 0.000868 0.00088889 0.000898
STRC/BTC 5478 0.27794314 2.222e-05 0 2.683e-05 2.777e-05 0 3.275e-05 4.039e-05 6e-05 0 7.249e-05 7.999e-05
STV/BTC 2725 0.01780826 3.69e-06 3.97e-06 4.5e-06 4.55e-06 4.99e-06 5.42e-06 6.4e-06 7.98e-06 9.9e-06 1.1e-05 1.5e-05
SUMO/BTC 5098 9.77416155 0.00021929 0.00022357 0.00022358 0.00022369 0.00022524 0.00023189 0.00024649 0.00024983 0.00024985 0.00024995 0.00026173
SWING/BTC 2837 0.00688235 7.5e-06 0 7.65e-06 7.89e-06 9.9e-06 1.1e-05 1.355e-05 1.65e-05 1.7e-05 2.352e-05 3.33e-05
SXC/BTC 1193 0.02929411 2.47e-06 0 2.59e-06 2.64e-06 2.75e-06 3e-06 3.34e-06 4.11e-06 4.81e-06 5.7e-06 6.79e-06
SYNX/BTC 3948 0.0 6.283e-05 0 0 0 0 0 0 0 0 0 0
TAJ/BTC 4678 0.01706376 1.63e-06 1.71e-06 1.91e-06 2.1e-06 2.28e-06 2.43e-06 3.21e-06 4.46e-06 5.09e-06 6e-06 0
TEK/BTC 2311 0.12092084 3e-08 0 0 0 0 0 0 0 0 0 3e-08
TER/BTC 5145 0.14409749 0.00127403 0.00135887 0.00143918 0.00159603 0.00175 0.00178 0.00190008 0.00198998 0.0020551 0.00218286 0.003
TES/BTC 1940 0.16100863 4.56e-06 0 4.88e-06 4.99e-06 5.15e-06 5.61e-06 5.9e-06 6.87e-06 7.19e-06 7.4e-06 8.21e-06
TGC/BTC 3512 0.01189499 9.3e-07 0 0 1.18e-06 1.29e-06 1.5e-06 1.58e-06 2.49e-06 2.86e-06 3.2e-06 3.6e-06
TIT/BTC 1352 0.33590162 7.4e-07 0 7.5e-07 8.9e-07 9.7e-07 1.13e-06 1.3e-06 1.7e-06 1.87e-06 1.95e-06 2.56e-06
TIX/BTC 5600 0.13274902 6.375e-05 6.376e-05 6.879e-05 7.2e-05 7.243e-05 7.245e-05 8.584e-05 0.000104 0.00011598 0.00013333 0.00015585
TOA/BTC 5243 0.66608278 4e-07 0 0 4e-07 4.1e-07 0 4.4e-07 4.7e-07 4.9e-07 5.6e-07 7.1e-07
TOK/BTC 5771 1.90272839 3.427e-05 3.6e-05 0 3.681e-05 0 3.698e-05 3.799e-05 3.99e-05 4.196e-05 4.484e-05 5.584e-05
TOP/BTC 1399 0.00957865 1.9e-07 2e-07 0 2.1e-07 2.3e-07 2.5e-07 3.2e-07 4e-07 4.5e-07 5e-07 7.1e-07
TRBO/BTC 2751 0.88845558 4e-08 0 0 0 0 0 0 0 5e-08 7e-08 9e-08
TRC/BTC 2943 0.30389392 1.66e-05 0 1.665e-05 1.69e-05 1.72e-05 1.8e-05 2.009e-05 2.554e-05 2.887e-05 2.905e-05 3e-05
TRI/BTC 2354 0.02933845 0.00079513 0.00079517 0.00087486 0.0009094 0.00094419 0.000999 0.00107516 0.00112939 0.00133706 0.00153987 0.00175
TRK/BTC 2194 0.01651613 3e-07 3.2e-07 3.5e-07 4.3e-07 4.5e-07 0 4.6e-07 5.9e-07 6.8e-07 7.9e-07 9e-07
TRUMP/BTC 3547 0.01003397 8.75e-06 9.09e-06 9.1e-06 9.2e-06 9.5e-06 9.99e-06 1.099e-05 1.419e-05 0 1.5e-05 1.81e-05
TRX/BTC 5853 6.41659918 8.76e-06 0 0 8.72e-06 8.74e-06 8.83e-06 8.88e-06 9.05e-06 9.19e-06 9.25e-06 9.47e-06
TSE/BTC 4783 0.02575588 3.8e-07 5.4e-07 6e-07 6.3e-07 6.8e-07 8.2e-07 1e-06 1.55e-06 1.94e-06 2.3e-06 4e-06
TTC/BTC 1500 22.91599924 8e-08 0 0 0 0 8e-08 0 9e-08 0 1e-07 1.1e-07
TTY/BTC 1370 0.01843727 6e-08 0 0 0 0 0 8e-08 1e-07 1.2e-07 1.4e-07 1.7e-07
TX/BTC 2936 0.42173428 0.00013538 0 0.00013538 0.00013539 0 0.00013562 0.00013902 0.00020958 0.00022 0.000334 0.00037206
TZC/BTC 5659 0.43926101 3.01e-06 0 3.05e-06 0 0 0 3.15e-06 3.71e-06 3.9e-06 3.92e-06 4.44e-06
UBQ/BTC 4939 0.76933799 0.00023612 0.00023924 0.00023927 0.00023928 0.00024122 0.0002449 0.000247 0.000251 0.00025832 0.00026333 0.00027515
UFR/BTC 5827 0.33322214 2.847e-05 0 2.85e-05 2.86e-05 0 2.861e-05 3.095e-05 3.11e-05 3.598e-05 3.938e-05 4.111e-05
UIS/BTC 2922 0.12995297 3.05e-06 0 3.12e-06 3.15e-06 3.24e-06 3.32e-06 3.76e-06 4.49e-06 5.42e-06 5.92e-06 6.98e-06
UMO/BTC 2915 0.0 5.1e-06 0 0 0 0 0 0 0 0 0 0
UNIC/BTC 1638 0.01759729 4.998e-05 4.999e-05 5.215e-05 0 5.997e-05 6e-05 7.879e-05 7.998e-05 0 0.00013561 0.00014844
UNIFY/BTC 5252 0.06717717 4.42e-06 4.74e-06 4.96e-06 4.98e-06 5.4e-06 5.65e-06 5.86e-06 6.99e-06 8e-06 1.018e-05 1.425e-05
UNIT/BTC 5734 4.27622171 5.41e-05 5.485e-05 0 5.657e-05 5.659e-05 5.98e-05 5.997e-05 6e-05 6.42e-05 6.53e-05 6.899e-05
UNITS/BTC 4538 0.01518072 6.65e-06 8.36e-06 1e-05 1.095e-05 1.179e-05 1.26e-05 1.55e-05 2e-05 2.076e-05 2.898e-05 3.5e-05
UNO/BTC 1651 0.74911597 0.01469699 0.01469698 0 0 0.01475002 0.01494999 0.01529544 0.01600001 0.0163 0.0166946 0.01765966
UR/BTC 4313 0.02265925 1.3e-07 0 0 1.5e-07 1.6e-07 0 1.9e-07 3.1e-07 4.2e-07 4.9e-07 6.8e-07
UTC/BTC 4832 0.00180345 1.54e-06 1.59e-06 1.61e-06 2.08e-06 2.23e-06 2.37e-06 2.56e-06 2.89e-06 3.65e-06 3.88e-06 4.19e-06
V/BTC 2154 0.08875747 2.8e-07 2.8e-07 0 0 0 3e-07 4e-07 5.1e-07 6.6e-07 8e-07 1e-06
VADE/BTC 2971 0.01068342 3e-08 0 0 0 0 0 0 0 0 3e-08 4e-08
VCC/BTC 4383 0.00394389 1.17e-06 1.3e-06 1.38e-06 1.8e-06 0 0 2e-06 2.94e-06 4.19e-06 4.71e-06 4.8e-06
VIDZ/BTC 4587 0.0 4.6e-07 0 0 0 0 0 0 0 0 0 0
VIT/BTC 5921 0.79314623 2.36e-06 0 0 2.47e-06 2.48e-06 0 2.85e-06 3.24e-06 3.75e-06 3.99e-06 4.26e-06
VIVO/BTC 5653 1.17322449 8.122e-05 8.35e-05 0 8.501e-05 8.528e-05 8.916e-05 9.229e-05 9.236e-05 9.353e-05 9.634e-05 9.9e-05
VOISE/BTC 5740 12.16078355 1.29e-06 0 0 0 1.31e-06 0 1.32e-06 0 1.37e-06 1.49e-06 1.7e-06
VPRC/BTC 4102 0.25466763 3e-08 0 0 0 0 0 0 0 0 0 0
VRC/BTC 2449 0.1484861 7.035e-05 7.034e-05 0 0 0 0 7.393e-05 8.364e-05 8.634e-05 0.00011 0.00013
VRM/BTC 4207 0.33304695 0.00032216 0 0.0003391 0.00037394 0 0.000375 0.00044998 0.00062 0.00066289 0.00079998 0.00115
VUC/BTC 5873 0.176668 1.7e-07 0 0 1.7e-07 0 1.9e-07 2.2e-07 2.5e-07 2.8e-07 3e-07 3.8e-07
WC/BTC 5668 95.10620662 4.77e-05 0 4.744e-05 0 0 4.767e-05 4.77e-05 4.862e-05 4.898e-05 4.902e-05 4.997e-05
WDC/BTC 2303 0.09381736 1.52e-06 1.61e-06 1.65e-06 1.74e-06 1.75e-06 0 1.81e-06 1.96e-06 2.24e-06 2.4e-06 2.78e-06
WEED/BTC 5346 0.0113505 0.00024106 0.00024109 0.0002411 0.00026333 0.00029666 0.00031549 0.00033342 0.00039723 0.00046095 0.00051938 0.0005312
WILD/BTC 5497 0.01752582 4.22e-06 4.47e-06 4.48e-06 4.66e-06 5e-06 0 5.49e-06 5.5e-06 6e-06 0 7e-06
WISH/BTC 5821 0.96158062 2.071e-05 2.072e-05 2.103e-05 2.18e-05 2.387e-05 2.399e-05 2.4e-05 2.439e-05 2.595e-05 2.601e-05 2.849e-05
WLC/BTC 5046 0.03416358 1.8e-07 0 0 2e-07 2.1e-07 2.4e-07 2.7e-07 3.5e-07 4.3e-07 4.9e-07 6.8e-07
WRC/BTC 4706 0.0 1.1e-05 0 0 0 0 0 0 0 0 0 0
WSP/BTC 5874 0.03659757 7.41e-06 0 7.42e-06 7.48e-06 8.17e-06 8.98e-06 0 8.99e-06 9e-06 1.3e-05 0
WSX/BTC 106 0.04535337 5e-07 0 5.4e-07 6.9e-07 7.7e-07 9e-07 9.5e-07 1.2e-06 1.48e-06 1.7e-06 2.47e-06
WW/BTC 4355 0.01030858 1.37e-06 1.45e-06 1.5e-06 1.7e-06 1.79e-06 1.99e-06 2.46e-06 3.4e-06 3.55e-06 4e-06 6.8e-06
XBC/BTC 3122 0.34692494 0.00739326 0.00739319 0 0 0 0 0.00739329 0.0095 0.011 0.0121 0.01554374
XBL/BTC 5534 0.05846694 1.449e-05 1.57e-05 0 1.601e-05 1.798e-05 2.376e-05 2.686e-05 2.815e-05 3.146e-05 3.5e-05 3.998e-05
XBTS/BTC 4664 0.02706687 1.008e-05 0 1.008e-05 1.025e-05 1.116e-05 1.5e-05 2.094e-05 3.25e-05 3.801e-05 4e-05 4.549e-05
XBY/BTC 5121 3.5281742 7.96e-06 0 7.96e-06 7.97e-06 8.08e-06 0 8.19e-06 8.21e-06 8.44e-06 8.69e-06 9e-06
XCO/BTC 5277 0.28890615 3.69e-06 0 3.93e-06 4.2e-06 4.48e-06 4.6e-06 4.98e-06 6.31e-06 6.96e-06 7.5e-06 8.9e-06
XCPO/BTC 5710 0.06353398 4.34e-06 4.33e-06 4.35e-06 4.43e-06 4.49e-06 0 4.63e-06 5.08e-06 7.33e-06 8e-06 9e-06
XCRE/BTC 4461 0.00306373 6.1e-07 6.9e-07 7e-07 7.3e-07 9.5e-07 9.9e-07 1.26e-06 1.82e-06 2e-06 2.77e-06 3.87e-06
XCT/BTC 2950 0.33248686 3.3e-07 3.3e-07 3.8e-07 3.9e-07 4e-07 4.5e-07 4.9e-07 0 0 0 5e-07
XCXT/BTC 5390 0.04446795 1.97e-06 2.08e-06 2.27e-06 2.43e-06 2.58e-06 2.73e-06 2.83e-06 3.29e-06 3.5e-06 3.6e-06 4.5e-06
XEM/BTC 5157 2.93210529 4.133e-05 0 4.128e-05 4.201e-05 0 0 4.207e-05 4.492e-05 4.62e-05 4.633e-05 4.75e-05
XGOX/BTC 5585 3.76441042 1.7e-07 0 0 0 0 1.7e-07 0 1.8e-07 0 1.9e-07 2e-07
XID/BTC 5316 1.13695623 1.495e-05 1.6e-05 0 1.715e-05 1.742e-05 1.75e-05 1.9e-05 0 0 2.45e-05 4.785e-05
XJO/BTC 3928 0.04501822 1.3e-06 1.36e-06 1.39e-06 1.45e-06 0 1.5e-06 2e-06 2.7e-06 3e-06 3.59e-06 4.99e-06
XLC/BTC 5494 0.28330872 8.31e-06 9.31e-06 9.33e-06 9.37e-06 9.45e-06 0 1.01e-05 1.298e-05 0 1.313e-05 0
XMCC/BTC 5518 1.04737091 0.00010817 0.00010819 0.0001082 0.00010821 0.00011276 0.00011702 0 0 0.00012 0.0001472 0
XMG/BTC 1216 0.0203034 3.78e-05 0 3.78e-05 3.886e-05 0 4.02e-05 4.62e-05 5.55e-05 7.054e-05 8.464e-05 9e-05
XMR/BTC 2999 5.85771507 0.0241 0 0 0.0241 0 0 0.02417624 0.02435 0 0.025 0.0254414
XMY/BTC 2732 0.49351777 1.15e-06 1.15e-06 1.16e-06 1.2e-06 1.27e-06 1.31e-06 1.4e-06 1.57e-06 1.61e-06 1.78e-06 2e-06
XP/BTC 5918 1.38700836 2e-08 0 0 0 0 0 0 0 0 0 0
XPD/BTC 2089 0.29048916 1.56e-06 0 1.68e-06 0 0 0 1.92e-06 2.21e-06 2.22e-06 2.4e-06 2.7e-06
XPM/BTC 2537 29.46684767 0.000297 0 0.00029659 0.00029665 0.0002967 0.000297 0 0.0003 0 0.00030372 0.00030999
XPTX/BTC 5292 0.0855267 0.00013044 0 0.00013311 0.0001345 0.0001529 0.00016295 0.00017987 0.00023467 0.00027269 0.00028998 0
XRA/BTC 3582 0.00676 2.6e-07 2.7e-07 2.9e-07 3e-07 3.1e-07 0 3.5e-07 4.1e-07 5.4e-07 6e-07 8.8e-07
XRE/BTC 3596 0.04855815 1.12e-06 0 1.12e-06 1.14e-06 1.29e-06 1.75e-06 2.2e-06 2.99e-06 3.05e-06 3.37e-06 3.64e-06
XRY/BTC 5271 0.17166317 2e-08 0 0 0 0 0 0 0 0 0 0
XSN/BTC 5936 1.46545563 4.418e-05 4.391e-05 0 4.392e-05 4.449e-05 4.599e-05 4.678e-05 4.743e-05 5e-05 5.999e-05 9.997e-05
XSPEC/BTC 4657 2.28999942 5.328e-05 5.327e-05 0 0 0 5.328e-05 5.332e-05 0 5.775e-05 6e-05 6.963e-05
XST/BTC 5426 0.05340274 4.23e-05 4.529e-05 4.55e-05 4.795e-05 0 0 4.898e-05 5.65e-05 5.89e-05 6.3e-05 6.8e-05
XVG/BTC 1376 12.82382258 7.78e-06 0 7.79e-06 7.8e-06 0 0 7.88e-06 0 0 0 7.96e-06
XZC/BTC 4264 0.63057786 0.0047585 0 0.0047584 0.00475854 0.00479228 0 0.0048873 0.00489447 0.00499 0.005251 0.00597
YOVI/BTC 3110 0.07017523 1.177e-05 0 1.177e-05 1.178e-05 1.39e-05 1.4e-05 1.49e-05 1.55e-05 1.698e-05 1.792e-05 1.996e-05
ZAP/BTC 5698 2.12942738 1.773e-05 1.768e-05 1.77e-05 1.779e-05 1.85e-05 1.896e-05 1.9e-05 1.955e-05 2.01e-05 2.02e-05 2.096e-05
ZCL/BTC 4369 16.98714023 0.00213394 0 0 0 0 0.00212998 0.00213 0.00216998 0 0 0.0022
ZEC/BTC 4327 1.61760622 0.02957941 0.02958647 0 0 0 0 0.02973369 0.02974928 0 0.02982976 0.02998008
ZEIT/BTC 1644 0.25636895 2e-08 0 0 0 0 0 0 0 0 0 0
ZEN/BTC 5487 3.27661759 0.00411999 0.00412 0.00417341 0.0043 0.00439318 0.00439849 0.0044 0.00444077 0.00449736 0 0.0045
ZER/BTC 4846 1.35444027 9.393e-05 0 0 9.392e-05 9.478e-05 9.7e-05 0.0001077 0.000116 0.00012474 0.000127 0.00013
ZET/BTC 3935 0.0712859 6.5e-07 0 7.2e-07 7.7e-07 8e-07 9e-07 1e-06 1.15e-06 1.34e-06 1.39e-06 1.62e-06
ZNY/BTC 5897 0.04725353 3.04e-06 0 3.1e-06 3.15e-06 3.47e-06 4.08e-06 4.62e-06 4.64e-06 5.5e-06 6e-06 6.7e-06
ZOI/BTC 4376 19.31968782 0.00018655 0.00018692 0.00018706 0.00018785 0.00018876 0.00019021 0.0001924 0.00020092 0.00020096 0 0.00020097
ZSE/BTC 4986 0.11598449 1.58e-06 0 1.72e-06 2.08e-06 2.33e-06 2.98e-06 3.59e-06 4.25e-06 6e-06 8.45e-06 9.9e-06
