 3 10 360
 1    1.1681   1.0617   2.0131   0.7758   0.9712   0.9391   1.0577   1.0545   1.0064   1.0769
 1    0.5530   0.7726   0.8861   1.4514   1.0220   0.9084   1.0073   0.9853   0.7363   0.9707
 1    2.7230   2.0597   0.4469   4.6413   0.9278   0.9066   0.9363   0.7983   0.9130   0.7686
 1    1.2692   1.2329   0.9582   2.9751   1.0373   1.0629   1.1399   1.0233   1.3613   1.0350
 1    3.8727   3.1662   2.0595   3.7405   0.9538   0.9051   1.1898   0.3942   1.4769   0.2311
 1    6.7262   3.1837   5.9362   3.3265   0.8629   0.6012   1.3022   0.0000   1.2523   0.0000
 1    6.3682   4.4500   3.4551   4.1320   0.9227   0.7733   1.2587   0.2613   1.0773   0.2133
 1    2.8349   2.8287   1.7187   3.5254   0.9753   0.9753   1.2123   0.9531   0.6494   0.9506
 1    2.5078   2.0631   2.1525   1.3800   0.9409   0.9244   1.0756   0.8983   0.7139   0.8889
 1    4.2044   3.1084   1.6579   4.6071   0.9320   0.9320   1.3819   0.8900   0.9871   0.8835
 1    7.4090   5.2772   6.8913   4.4904   0.6984   0.1534   1.6296   0.0000   2.7196   0.0000
 1    3.0623   1.6231   1.8544   3.4486   0.9495   0.9057   1.3199   1.0067   1.6431   1.0269
 1    4.4481   3.2492   2.2464   4.9101   0.9414   0.9414   1.3920   0.8981   1.1852   0.9012
 1    0.6271   0.7874   0.5552   2.1602   1.0047   1.0165   1.0969   0.9811   1.2695   0.9669
 1    1.9361   1.3630   1.1234   2.9767   1.0000   0.9953   1.1911   0.9883   1.2471   0.9650
 1    0.5946   0.2951   0.7005   0.6225   0.9796   0.9683   1.0385   0.9977   1.1769   0.9864
 1    0.9810   0.8487   1.5569   1.2076   0.9857   0.9738   1.0500   1.0310   1.3976   1.0000
 1    0.4868   0.6236   0.6167   1.2119   1.0070   1.0047   1.0164   1.0282   1.0070   1.0211
 1    1.2863   0.8484   1.2663   1.4013   0.9617   0.9482   0.9775   0.9572   0.9730   0.9505
 1    1.0412   0.8617   1.6573   1.5082   0.9911   0.9622   0.9867   0.9444   0.9311   0.9400
 1    1.4363   0.4547   0.8411   2.4018   0.9866   1.0268   1.0447   1.0067   0.9888   0.9888
 1    1.2414   0.4481   0.6045   2.5607   0.9888   1.0403   1.0380   0.9866   0.9888   0.9754
 2    9.8117   2.6474   5.8642   8.5257   0.0580   0.0000   4.3478   0.0000   6.2319   0.0000
 2   10.9455   3.6880   7.2547   7.4239   0.2029   0.0000   4.6087   0.1739   6.2319   0.2464
 2   11.9562   3.4594   7.6928   3.8085   0.3712   0.0303   2.6288   0.1364   3.2879   0.1667
 1    0.6597   1.2710   1.4255   2.8265   0.9797   0.9212   0.9279   0.9077   0.9392   0.8559
 1    0.7472   0.7702   0.9811   2.2940   0.9907   0.9375   0.9583   0.9745   0.9074   1.0069
 2   10.6742   2.0965   7.1186   5.7028   0.2906   0.0769   2.6923   0.2735   3.6154   0.2308
 2   10.8317   2.3642   6.3744   3.8268   0.4762   0.1349   2.6190   0.2778   3.4048   0.1825
 2    9.7563   2.4677   6.9494   5.7630   0.3571   0.1746   2.4524   0.1825   3.5000   0.0556
 3   10.9976   4.5261   7.6362   5.4226   0.1078   0.0000   2.9314   0.0000   4.1176   0.0000
 3    9.5591   1.0985   0.4040   5.9692   0.0000   0.0000   3.5694   0.0000   5.9583   0.0000
 3   10.9658   4.3467   6.3461   3.9105   0.0556   0.0000   2.5079   0.0000   3.4444   0.0000
 3   11.1714   2.4786   1.4087   6.6149   0.0000   0.0000   3.6282   0.0000   5.5641   0.0000
 3   13.1011   0.8841   1.0482   7.6809   0.0000   0.0000   3.5000   0.0000   4.2549   0.0000
 3   12.5087   1.3985   1.0282   7.9933   0.0000   0.0000   3.4950   0.0000   4.4747   0.0000
 3   11.7822   1.6638   0.7005   8.4319   0.0000   0.0000   4.0617   0.0000   5.5062   0.0000
 3    8.3474   0.8084   0.6311   3.6572   0.0000   0.0000   2.2903   0.0000   3.3441   0.0000
 3    8.3689   0.8387   1.4177   4.0980   0.0541   0.0000   1.8559   0.0000   2.8018   0.0000
 3    9.2110   0.9732   0.4006   3.5733   0.0000   0.0000   2.6354   0.0000   4.0938   0.0000
 3    9.7594   0.9467   0.4285   3.8150   0.0000   0.0000   2.4167   0.0000   3.6667   0.0000
 3   10.7943   1.0788   0.6585   4.8330   0.0000   0.0000   1.9630   0.0000   2.9333   0.0000
 3   10.2599   0.6303   0.2390   4.4308   0.0000   0.0000   2.5619   0.0000   3.7619   0.0000
 1    4.9856   1.2948   3.6107   4.6998   0.8720   0.6427   1.0907   0.0000   1.1413   0.0000
 1    1.0189   0.4843   1.6005   1.4033   0.9731   0.9489   0.9892   0.5242   0.9892   0.2312
 1    3.1400   1.4551   2.3724   3.1542   0.9781   0.9671   1.1908   0.9518   0.9737   0.9430
 1    3.1709   1.9533   2.7325   2.4889   0.9175   0.8419   1.1581   0.0000   1.2199   0.0000
 1    1.4100   1.2567   1.3894   1.5724   0.9900   0.9549   0.9749   0.1078   1.0476   0.0727
 1    1.9096   2.3960   1.4002   3.2565   1.0026   1.0308   1.1615   1.0641   0.8359   1.0718
 1    2.4380   1.0177   2.4222   1.9662   0.9778   0.9877   1.1556   0.9827   1.0988   0.9877
 1    2.9289   1.6271   1.7520   2.3584   0.9320   0.7687   1.1122   0.0476   1.1735   0.0000
 1    2.6726   2.0079   2.7884   3.0530   0.9630   0.9210   1.0321   0.1605   1.0346   0.1235
 1    2.8465   0.3904   0.6562   2.6612   0.9650   0.9650   1.1725   0.9324   1.1049   0.9441
 3   10.2994   4.6391   6.8929   4.9981   0.0175   0.0000   2.6316   0.0000   3.2456   0.0000
 3   10.1977   1.5100   2.8150   5.3220   0.1212   0.0000   4.1667   0.0000   5.7727   0.0000
 3   10.3728   1.8605   2.9505   6.4554   0.0476   0.0000   4.6667   0.0000   6.2063   0.0000
 3   10.0873   2.8007   4.6625   7.7565   0.0000   0.0000   3.2874   0.0000   4.5172   0.0000
 3   10.1453   1.8685   2.9119   8.0906   0.0000   0.0000   7.9167   0.0000  10.7778   0.0000
 1    3.8672   2.1397   1.1935   1.6105   0.9554   0.8530   1.1339   0.0840   0.9659   0.0000
 3   10.4114   2.7571   5.4438   8.2856   0.1111   0.0000   4.0494   0.0000   4.9383   0.0000
 1    5.7460   2.6461   5.0491   6.6210   0.8476   0.6333   1.0619   0.0000   0.9667   0.0000
 1    0.8999   0.6759   2.9819   1.3147   1.0127   1.0204   1.0916   1.0611   1.2468   1.0585
 1    1.6700   1.0031   1.6483   1.6792   0.9926   0.9828   1.1275   0.9412   1.2353   0.9657
 1    1.4919   0.9061   1.9862   1.6339   0.9710   0.9662   1.0870   0.9155   1.2174   0.9227
 1    0.4153   0.5159   0.8553   0.4779   1.0050   0.9875   1.0251   0.9699   1.2080   0.9398
 1   10.8880   3.2013   7.0622   5.6188   0.5862   0.1801   1.4406   0.0000   1.5402   0.0000
 1    0.6170   0.3313   0.7991   1.4508   0.9975   1.0199   1.0697   0.9453   1.2289   0.9453
 1    1.0692   0.4665   1.0873   0.7245   0.9773   0.9621   1.0126   0.9924   1.1667   0.9545
 1    2.1611   0.9138   0.7638   0.9383   0.9303   0.9254   1.0871   0.9925   1.4776   0.9602
 1    0.6504   0.4176   1.0556   1.8895   1.0500   1.0500   1.0972   1.0222   1.4889   1.0278
 1    1.5645   1.0423   1.3041   1.5314   1.0000   0.9839   1.1075   1.0457   1.5188   1.0054
 1    0.5994   0.5296   0.4444   1.4514   0.9615   0.9179   0.9821   0.9436   1.2872   0.9462
 1    0.4551   0.4441   0.9497   0.3976   0.9893   0.9920   1.0027   0.9760   0.9707   0.9813
 1    1.0637   0.8661   1.4767   0.4213   0.9550   0.9709   1.0476   1.0185   0.8651   1.0079
 1    0.6873   1.3594   0.8191   0.9453   0.9746   0.9440   0.9873   0.9466   0.7176   0.9440
 1    1.7650   0.3645   1.3793   1.4954   0.9774   0.8701   1.0678   0.2119   1.0480   0.2090
 1    0.8136   0.5012   1.2503   2.3636   0.9948   0.9044   0.9793   0.3333   0.9354   0.2713
 2    6.0818   1.0868   2.5721   2.1009   0.7564   0.4744   1.7500   0.1154   2.4423   0.1026
 1    2.5374   1.1167   1.7643   0.9113   0.9306   0.8778   1.0861   0.2333   1.0056   0.2028
 1    1.2769   0.9354   1.6543   1.6340   0.9677   0.9435   1.0027   0.2634   0.9946   0.2339
 2    6.6935   1.6657   5.2104   3.9513   0.6522   0.5217   2.0072   0.1159   2.6884   0.1014
 2    5.9252   1.2784   4.5861   4.6658   0.7619   0.6429   2.1111   0.1349   2.9683   0.0952
 2    4.3640   1.0493   4.1842   3.4980   0.8156   0.6738   1.7092   0.1064   2.7163   0.0496
 2    6.9464   1.6068   3.3941   4.9118   0.6098   0.4553   2.3496   0.0000   3.1463   0.0000
 2    6.9436   1.2132   2.0507   3.8268   0.6383   0.4681   2.0071   0.0780   2.5957   0.0284
 2    4.9519   2.1758   3.5914   3.7667   0.8939   0.6818   1.9697   0.4394   3.3106   0.3485
 2    7.8905   2.9850   5.0348   2.8908   0.7196   0.4762   1.8836   0.3545   2.5344   0.2751
 2    6.9378   2.6446   4.5236   6.2294   0.7778   0.6389   2.3056   0.4028   3.3194   0.3333
 3   12.3038   0.3450   0.3652   6.9325   0.2095   0.0000   3.4381   0.0000   4.2000   0.0000
 3   12.5112   0.4866   0.3729   7.0977   0.2072   0.0000   3.3063   0.0000   3.9189   0.0000
 3   12.8108   0.9180   0.4021   7.4560   0.1622   0.0000   3.3243   0.0000   3.8468   0.0000
 3   12.6297   1.0384   0.4496   7.7733   0.1429   0.0000   3.4571   0.0000   4.0952   0.0000
 3   10.4882   0.5002   0.6073   8.6880   0.0000   0.0000   5.0500   0.0000   7.4333   0.0000
 3   10.3019   5.1203   5.6755   6.4271   0.0430   0.0000   3.2796   0.0000   4.3333   0.0000
 3   12.2934   0.6334   0.2144   6.4324   0.1404   0.0000   2.9912   0.0000   3.5965   0.0000
 3   12.8354   0.3685   0.3088   7.0862   0.1481   0.0000   3.3148   0.0000   3.8333   0.0000
 3   12.8614   0.5556   0.4510   6.9844   0.1053   0.0000   3.1140   0.0000   3.6053   0.0000
 3   12.0869   0.6179   0.2390   7.7896   0.0000   0.0000   3.8736   0.0000   4.5517   0.0000
 3   11.2349   0.5998   1.0312   6.6590   0.0753   0.0000   3.4946   0.0000   4.3011   0.0000
 2    5.9162   1.6509   4.8762   4.1425   0.6667   0.4167   2.4063   0.0000   4.3854   0.0000
 2    7.9534   1.7115   5.4822   4.1884   0.5648   0.2500   2.5463   0.0000   3.6574   0.0000
 2    4.5645   1.7267   1.3704   3.5270   0.7524   0.6190   2.1143   0.2571   3.8095   0.2381
 2    7.4276   1.3512   3.4226   4.7763   0.7121   0.4773   2.3409   0.1288   3.2879   0.1212
 2    8.2447   3.7696   6.5478   4.2951   0.6319   0.4514   2.2222   0.1250   3.0694   0.0903
 1    0.7319   0.4955   2.0766   0.3469   1.0125   0.9975   1.0501   0.9900   1.0301   0.9724
 1    0.7397   0.7248   1.4072   0.5525   1.0025   0.9801   1.0398   0.9950   0.9975   0.9901
 1    0.6313   0.6236   1.1541   0.4479   1.0025   0.9773   1.0303   0.9672   1.0177   0.9697
 1    0.9753   0.7368   0.7349   0.6310   0.9681   0.9608   1.0196   0.9338   0.9877   0.9461
 1    0.5781   0.9211   0.7391   1.3995   0.9684   0.9659   0.9659   0.9951   1.0000   0.9976
 1    0.4774   0.3186   0.7515   0.3523   0.9974   0.9922   1.0207   1.0129   0.9690   1.0181
 2    5.9501   2.9038   5.0520   2.3126   0.7627   0.6045   1.7062   0.3390   2.2599   0.2599
 2    5.4437   2.6688   4.3957   2.9661   0.7799   0.6478   1.7799   0.3648   2.4340   0.3019
 2    5.7113   0.8127   1.2043   3.6099   0.7826   0.7101   1.9493   0.3333   2.8551   0.2391
 2    5.0458   0.7496   1.1048   4.0996   0.7917   0.7333   2.0917   0.3500   3.2583   0.2583
 1    0.5508   1.0992   0.8487   0.6440   0.9831   0.9768   1.0042   1.0127   0.9916   0.9852
 1    0.9591   0.4564   0.5514   0.8598   0.9873   0.9937   1.0042   1.0127   1.0949   0.9958
 1    1.0002   0.7546   0.8020   1.5861   0.9894   1.0042   1.0467   1.0637   1.0361   1.1040
 1    0.7677   0.8049   0.6150   0.8514   0.9957   0.9677   1.0151   0.9914   1.0065   0.9699
 1    0.8056   0.9124   0.8687   1.3563   0.9615   0.9893   0.9936   0.9701   1.0192   0.9744
 1    0.7950   0.7581   0.9222   1.1814   0.9542   0.9500   0.9792   0.9521   0.9187   0.9521
 2    6.6519   1.1528   4.7009   4.1718   0.5625   0.3333   2.5521   0.1563   4.8958   0.1354
 2    6.8552   1.6216   5.0145   3.8964   0.6667   0.3737   2.5758   0.1515   4.8384   0.1414
 2    7.1513   1.4343   5.3715   4.2926   0.5794   0.3889   2.1587   0.1905   3.9048   0.1667
 1    0.8099   1.2298   1.4942   0.9516   0.9669   0.9318   0.9883   0.8402   0.9903   0.8402
 2    5.7135   1.6466   3.4701   4.8617   0.6344   0.3548   2.6237   0.4086   5.1613   0.4086
 1    1.5768   1.6648   1.2996   1.3424   0.9634   0.9248   1.0081   0.8618   1.0142   0.8476
 2    5.7198   1.2574   1.4465   4.6902   0.6344   0.4946   2.6021   0.6022   4.9892   0.6022
 1    0.6692   0.9362   0.8846   1.1594   1.0000   0.9789   0.9916   0.9515   1.0084   0.9620
 2    7.4679   1.2714   2.1166   4.4956   0.6667   0.4500   2.4667   0.4417   3.7167   0.5667
 1    0.6471   0.8282   2.4207   1.9612   1.0451   1.0476   1.1028   1.0802   1.1128   1.0501
 1    0.6557   0.7485   1.9671   1.9456   0.9607   0.9337   0.9607   0.9482   1.0000   0.9358
 1    1.1368   0.6108   1.0157   1.2385   0.9804   0.9717   1.0523   1.0109   1.0545   0.9956
 3   13.8329   5.5684   9.5011   9.2342   0.0000   0.0000   3.8384   0.0000   4.8283   0.0000
 3   13.2384   1.9857   0.7736  11.0308   0.0000   0.0000   5.4697   0.0000   7.1061   0.0000
 3   12.6227   2.1710   1.1033   9.5894   0.0000   0.0000   4.5600   0.0000   6.1467   0.0000
 3   14.2748   3.6358   4.9698   5.4985   0.0544   0.0000   2.8707   0.0000   4.4830   0.0000
 3   14.2698   1.2909   1.1261   5.9272   0.0321   0.0000   2.4359   0.0000   3.8077   0.0000
 3   12.1983   0.3557   0.4006   5.4341   0.0000   0.0000   2.5556   0.0000   3.1984   0.0000
 3   11.8801   0.3743   0.4305   5.8673   0.0000   0.0000   2.8198   0.0000   3.6847   0.0000
 3   11.5779   0.3079   0.1791   5.9355   0.0000   0.0000   2.9429   0.0000   4.1143   0.0000
 3   12.0617   0.7632   0.4376   5.7086   0.0000   0.0000   2.6583   0.0000   3.4667   0.0000
 3   11.1867   2.4975   1.3710   4.1614   0.1111   0.0000   2.3413   0.0000   3.3095   0.0000
 3   13.6090   1.7775   1.7226   5.2588   0.0960   0.0000   1.9943   0.0000   2.3559   0.0000
 3   12.3662   1.7197   0.2357  10.6462   0.0000   0.0000   5.4091   0.0000   6.8485   0.0000
 3   13.9521   1.6621   1.2748   8.2782   0.0000   0.0000   3.1667   0.0000   3.8083   0.0000
 3   15.4878   0.4245   0.5022   5.0922   0.1263   0.0000   2.1111   0.0000   2.1970   0.0000
 3   15.5902   0.5212   0.2559   4.9822   0.1592   0.0000   2.0995   0.0000   2.1592   0.0000
 3   16.1872   1.0077   0.7689   5.5296   0.1449   0.0000   2.0918   0.0000   2.0676   0.0000
 3   14.2685   1.4588   1.1803   6.1206   0.0133   0.0000   2.5600   0.0000   3.0133   0.0000
 3   11.8961   1.3333   0.2478   8.9868   0.0000   0.0000   4.5467   0.0000   6.0667   0.0000
 3   10.5536   0.6400   0.6977   6.5251   0.0000   0.0000   3.8133   0.0000   5.6533   0.0000
 3   11.3021   0.6832   0.4893   7.2850   0.0000   0.0000   3.9487   0.0000   5.5897   0.0000
 3   13.4099   0.6444   0.3967   7.5192   0.0000   0.0000   3.0180   0.0000   3.9820   0.0000
 3   12.0770   1.3470   0.4871   7.1872   0.0000   0.0000   3.2626   0.0000   4.3636   0.0000
 3    9.5147   0.7835   0.4103   6.6012   0.0000   0.0000   4.0794   0.0000   5.3333   0.0000
 3   10.2278   0.2762   0.2589   6.9543   0.0000   0.0000   3.9028   0.0000   4.9167   0.0000
 3    9.9690   0.2515   0.2425   7.1364   0.0000   0.0000   4.2121   0.0000   5.2121   0.0000
 3    9.7753   0.4496   0.3987   7.7367   0.0000   0.0000   4.8246   0.0000   6.0877   0.0000
 3    9.8195   4.5287   5.6558   6.3033   0.0000   0.0000   3.5802   0.0000   4.7160   0.0000
 3   11.2647   1.5924   0.5179   6.1446   0.0202   0.0000   2.9798   0.0000   3.9091   0.0000
 3   12.5763   0.4452   0.7368   5.1517   0.1522   0.0000   2.3913   0.0000   2.9638   0.0000
 3   12.6177   0.3788   0.6514   4.8373   0.1806   0.0000   2.3264   0.0000   2.7917   0.0000
 3   12.6398   0.2214   0.7702   4.9608   0.1769   0.0000   2.2585   0.0000   2.7007   0.0000
 3   12.9516   0.6196   0.3012   4.3929   0.2244   0.0000   2.2564   0.0000   2.6090   0.0000
 3   13.1564   0.5092   0.8985   4.4107   0.2500   0.0000   2.3141   0.0000   2.6218   0.0000
 3   13.2742   0.7568   0.7952   4.6806   0.2453   0.0000   2.2390   0.0000   2.5346   0.0000
 3   13.0793   0.6718   0.3849   4.6313   0.2244   0.0000   2.2244   0.0000   2.5641   0.0000
 3    8.6531   0.8803   0.3516   3.9749   0.0476   0.0000   2.8810   0.0000   3.6905   0.0000
 3    8.1423   1.5127   0.9663   4.8103   0.0000   0.0000   3.2754   0.0000   5.2899   0.0000
 1    0.8537   0.7648   1.0649   0.7169   0.9769   0.9590   1.0513   0.4769   1.0641   0.1538
 2    7.9382   6.2469   5.0688   5.4454   0.6865   0.4841   1.2778   0.2460   1.1429   0.2262
 1    0.6256   0.7370   0.8444   1.5267   0.9627   0.9301   0.9650   0.8275   0.9580   0.7063
 1    0.3364   0.5599   0.6452   1.1905   0.9906   0.9624   0.9695   0.9507   0.8685   0.9460
 2    4.3826   0.9412   2.1222   2.9241   0.7097   0.4516   2.1075   0.0108   4.5161   0.0000
 1    0.3739   0.9305   1.0699   1.4833   1.0253   1.0455   1.0455   1.0051   1.0051   0.9975
 2    5.7647   1.3443   1.6305   2.6191   0.6667   0.4309   1.8943   0.0000   2.6992   0.0000
 1    0.4245   1.3497   0.7134   1.0274   0.9762   0.9571   0.9690   0.8167   0.9571   0.7548
 2    5.3860   0.7706   1.7688   2.4624   0.6500   0.4583   1.8583   0.0000   2.8000   0.0000
 2    4.8547   1.7557   3.0905   3.0259   0.7063   0.6111   1.8889   0.3571   2.9683   0.2857
 2    4.6609   1.1077   1.4897   3.6590   0.7810   0.7333   2.1048   0.4190   3.5333   0.2762
 1    0.2095   0.3768   0.3281   0.3976   0.9774   0.9900   0.9900   0.9749   1.0351   0.9649
 2    5.8959   2.3918   4.0549   4.3467   0.6471   0.3824   2.4902   0.0392   4.1078   0.0196
 2    5.6171   1.1302   1.3922   4.3441   0.7748   0.6937   2.2793   0.3604   3.4054   0.2523
 2    5.3233   1.1696   4.1548   2.3557   0.5385   0.1923   2.3974   0.0000   4.0897   0.0000
 2    5.7727   1.4646   4.3357   2.0794   0.4815   0.1481   2.3457   0.0000   4.1728   0.0000
 1    0.7976   0.8238   0.9589   1.4855   0.9912   1.0383   1.0442   1.0649   1.0295   1.0973
 2    6.2241   0.9377   2.5373   3.3639   0.4933   0.0667   2.8667   0.0000   4.8000   0.0000
 1    0.8175   0.8184   0.8263   1.4851   0.9912   1.0472   1.0767   1.0383   1.1180   1.0501
 2    5.1561   1.8940   3.4797   3.5042   0.7154   0.6423   1.9106   0.4309   3.0244   0.3740
 1    0.6876   0.6149   1.4577   1.6097   0.9683   0.9365   0.9709   0.8783   1.0265   0.8545
 2    5.5368   1.1284   2.4457   2.4133   0.7467   0.5733   1.7133   0.4067   2.4800   0.3467
 2    6.5340   0.8259   3.1142   4.2365   0.4783   0.1014   3.1594   0.0000   5.3188   0.0000
 2    4.5835   0.5813   1.4375   3.1944   0.7857   0.6270   1.8968   0.5079   2.9048   0.3571
 1    0.7477   0.8598   0.6322   0.7558   0.9746   0.9915   1.0424   1.0000   1.0395   1.0028
 1    0.8334   0.7789   0.5720   0.5515   0.9774   0.9548   1.0169   0.9718   0.9915   0.9379
 1    0.8036   0.5109   0.9213   0.9166   1.0138   0.9945   1.0606   0.9587   1.0028   0.9394
 1    0.5299   0.2808   1.3367   0.6091   1.0028   0.9917   1.0468   0.9339   1.0331   0.9339
 2    4.5153   0.5256   1.6588   3.2109   0.7667   0.6417   1.8833   0.3833   3.1250   0.3417
 2    5.7247   0.5859   0.8108   3.7143   0.6899   0.5504   2.0155   0.1860   3.2326   0.1550
 1    0.5821   0.4452   1.1425   1.1252   0.9635   0.9505   0.9688   1.0026   0.9010   0.9870
 2    6.3948   0.6028   0.8722   4.1326   0.7007   0.5646   1.9864   0.2381   2.9252   0.1769
 2    6.8745   1.5987   1.8179   4.4197   0.2549   0.0196   4.0980   0.0196   7.4706   0.0000
 2    8.2485   1.3648   1.2887   3.0345   0.6617   0.4876   1.7562   0.2239   2.1443   0.1791
 2    7.9805   1.2463   2.0389   2.7376   0.5944   0.4556   1.7389   0.2667   2.1056   0.1889
 2    7.9677   1.2717   1.7886   3.2234   0.7000   0.5278   1.8833   0.2278   2.4000   0.1778
 1    0.9998   1.4909   1.0000   1.4978   0.9909   0.9819   1.0680   1.0136   0.9932   1.0159
 1    0.7170   0.4611   0.5708   1.0614   1.0189   1.0024   1.0520   1.0402   1.0402   1.0189
 2    5.6515   1.3140   1.3603   3.6580   0.7600   0.6200   1.8667   0.2667   2.8733   0.2200
 1    0.7850   0.5576   0.6970   0.7523   0.9709   0.9553   1.0045   0.9553   0.9441   0.9553
 1    0.3866   1.0207   1.6253   0.7451   0.9784   0.9610   0.9589   0.9351   0.9156   0.9199
 2    4.0833   0.3770   0.6237   2.5850   0.8365   0.7421   1.5786   0.2704   2.6478   0.2013
 2    4.0034   0.5775   0.5933   2.3980   0.8485   0.7515   1.5455   0.2909   2.5273   0.2242
 2    4.0100   0.6972   0.6138   2.4248   0.8545   0.7455   1.5697   0.2909   2.4727   0.2364
 1    0.5935   0.7526   1.3917   0.7245   0.9770   0.9839   1.0069   1.0230   1.0092   1.0138
 1    0.7134   0.5359   0.9371   1.0275   0.9724   0.9747   0.9954   1.0046   1.0069   0.9908
 1    0.6388   1.0176   0.8687   1.6982   0.9885   1.0138   1.0621   0.9793   0.9977   1.0230
 1    1.7460   1.7369   2.5865   4.3409   0.9142   0.8862   0.9042   0.8663   0.8643   0.8922
 3    6.6599   0.2693   0.4727   5.7463   0.0000   0.0000   6.2667   0.0000   7.9333   0.0000
 3    6.0105   0.7216   0.4770   5.8830   0.0000   0.0000   6.7037   0.0000   8.1111   0.0000
 3    5.9253   0.6550   0.7127   5.7233   0.0000   0.0000   7.4167   0.0000   8.8333   0.0000
 3    5.7069   0.4903   0.6015   5.0166   0.0000   0.0000   5.7333   0.0000   7.5333   0.0000
 3    5.5322   0.4532   0.4934   5.1478   0.0000   0.0000   6.7083   0.0000   9.3750   0.0000
 3    5.4772   0.4827   0.6637   5.2393   0.0000   0.0000   8.8333   0.0000  12.3889   0.0000
 3    5.4046   0.3617   0.6678   5.0719   0.0000   0.0000   6.5000   0.0000   9.1250   0.0000
 3    5.1511   0.4875   0.3567   2.9996   0.3838   0.0000   1.3939   0.0000   1.9495   0.0000
 3    5.4354   2.1257   3.5143   2.0824   0.1733   0.0000   1.8533   0.0000   2.4000   0.0000
 3    5.9343   2.1503   4.0213   3.9536   0.0980   0.0000   3.2745   0.0000   3.3529   0.0000
 3    6.6639   3.1368   4.0582   1.9922   0.3514   0.0000   1.6577   0.0000   1.5676   0.0000
 1    0.5887   0.5548   1.0548   0.1800   0.9775   0.9820   1.0541   0.5090   1.0946   0.3108
 1    0.6549   0.4549   0.3367   0.4802   1.0133   0.9511   1.0711   0.9600   1.0533   0.8933
 1    0.1777   0.5134   0.7371   0.1404   1.0000   0.9907   1.0139   1.1250   1.1065   1.0833
 1    0.7375   0.4611   1.7417   0.7595   1.0231   1.0093   1.1389   1.0972   1.5370   1.1111
 1    1.6476   0.6431   1.4596   1.5967   0.9530   0.9359   1.1966   1.0043   1.4829   1.0171
 3    7.6451   1.7218   1.1634   2.7825   0.2688   0.0000   2.2043   0.0000   2.5054   0.0000
 1    1.0613   0.5388   0.5426   0.5483   0.9474   0.9430   1.0702   0.9649   1.0219   0.9737
 3    6.9910   2.3081   1.5387   3.1902   0.2105   0.0000   3.2281   0.0000   6.5439   0.0000
 3    6.6511   1.7790   1.6494   3.1606   0.1754   0.0000   3.0526   0.0000   6.5614   0.0000
 3    6.7022   0.5483   1.0850   3.1019   0.1528   0.0000   2.4167   0.0000   3.6111   0.0000
 1    0.6221   0.2992   0.3191   0.6233   0.9639   0.9639   1.0040   0.8675   1.0402   0.8916
 1    3.2504   1.6720   0.7838   4.2056   0.9275   0.9372   1.4686   1.0048   0.7536   1.0531
 3    7.3852   0.8499   0.9130   3.3520   0.1600   0.0000   2.4800   0.0000   2.4800   0.0000
 3    7.1671   0.2291   1.3239   3.2437   0.1389   0.0000   2.5417   0.0000   2.6944   0.0000
 1    0.3605   0.6793   0.7864   0.5919   1.0119   0.9960   1.0357   1.0040   1.0556   1.0278
 3    7.2905   0.8001   0.6432   3.4807   0.1159   0.0000   2.8116   0.0000   3.4928   0.0000
 3    7.6429   0.6824   1.6348   3.2538   0.2051   0.0000   2.5641   0.0000   3.1795   0.0000
 3    7.8371   0.9967   1.7993   3.3079   0.1935   0.0000   2.1828   0.0000   2.6774   0.0000
 3    8.0072   0.7520   1.5064   3.4494   0.2346   0.0000   2.5802   0.0000   3.1728   0.0000
 3    7.3854   0.4639   0.4400   4.3021   0.0000   0.0000   3.3333   0.0000   4.7500   0.0000
 3    7.6289   0.9599   0.4843   4.3380   0.0000   0.0000   2.9565   0.0000   4.1304   0.0000
 2    4.2703   2.0241   2.2629   1.6393   0.6667   0.4545   1.8687   0.0505   2.8081   0.0909
 2    4.9359   2.2387   3.9647   1.8223   0.7048   0.4571   1.8286   0.1238   2.9905   0.1238
 2    4.2267   0.7993   1.6555   1.3347   0.7755   0.4966   1.3878   0.1701   1.9320   0.1224
 2    2.2119   1.0416   1.7859   2.3579   0.4792   0.6042   2.4167   0.5208   6.9375   0.4583
 2    3.8953   0.6236   0.9551   2.2953   0.4928   0.3623   2.2464   0.3043   4.9710   0.2464
 2    4.0789   0.6384   0.4527   3.8851   0.8627   0.4902   3.2353   0.4902   6.8431   0.3529
 2    4.5601   1.1973   0.5840   4.2952   0.6190   0.4762   2.9048   0.2063   5.4603   0.2857
 2    5.9525   0.7082   0.7537   5.0426   0.4444   0.4198   2.8519   0.2593   4.2716   0.2099
 2    6.0674   0.9230   0.5663   4.9225   0.5067   0.4133   3.1333   0.2800   4.7333   0.2800
 3    4.9231   0.9242   0.9424   5.6842   0.0000   0.0000  16.8889   0.0000  39.1111   0.0000
 2    6.6130   1.4213   0.7152   4.2316   0.6207   0.4138   2.6897   0.2529   4.0805   0.1379
 1    0.5544   0.3763   0.4843   1.2684   0.9509   0.9535   0.9845   0.4961   0.9871   0.3307
 1    0.2827   0.4631   0.8849   0.8287   0.9633   0.9895   0.9790   0.5039   0.9790   0.3360
 1    0.4492   0.7578   0.7402   0.6770   0.9787   0.9840   0.9867   0.7787   1.0080   0.6453
 1    1.0909   0.8240   1.0187   1.0554   0.9593   0.9756   1.0434   0.7859   1.0000   0.7371
 3    7.0634   1.5173   1.7170   5.1684   0.0000   0.0000   3.9804   0.0000   6.6667   0.0000
 3    6.6307   1.3523   0.7060   5.4245   0.0000   0.0000   5.3611   0.0000   9.3889   0.0000
 1    0.7388   0.6520   0.5866   0.5514   0.9639   0.9750   1.0361   0.8833   1.0278   0.8750
 3    6.5719   0.2559   0.3804   5.4413   0.0000   0.0000   5.0513   0.0000   8.3846   0.0000
 1    0.2977   0.4617   2.0446   0.6171   0.9790   0.9816   0.9816   0.9606   0.9606   0.9475
 1    0.2698   0.4871   0.4976   0.4786   0.9720   0.9804   1.0028   0.9188   1.0336   0.9776
 3    6.2135   0.4945   0.3218   5.1839   0.0000   0.0000   5.1667   0.0000   8.9167   0.0000
 3    5.6096   0.6242   0.5122   4.8829   0.0000   0.0000   5.5667   0.0000  10.4000   0.0000
 1    0.3477   0.6472   1.3233   1.1539   1.0387   1.0387   1.0655   1.0536   1.1042   1.0327
 3    5.1438   0.5364   0.8203   4.8892   0.0000   0.0000   5.7037   0.0000  10.1481   0.0000
 3    5.5704   0.4496   0.6229   5.0716   0.0000   0.0000   6.1852   0.0000  10.1111   0.0000
 3    5.9880   0.6041   0.4875   5.0996   0.0000   0.0000   4.9722   0.0000   8.0278   0.0000
 2    6.0868   1.8372   1.9325   5.3688   0.7604   0.5521   2.6979   0.0313   4.2396   0.0521
 2    5.5550   0.5267   1.9253   4.4552   0.7593   0.6019   2.3796   0.1389   3.5833   0.0741
 2    8.0146   0.7329   0.9453   5.5880   0.4815   0.2469   3.3086   0.1235   4.8148   0.0864
 2    5.6898   0.3313   2.6024   4.6808   0.7810   0.6476   2.4762   0.1714   3.7619   0.1238
 2    5.4648   1.3087   2.3974   4.7167   0.6923   0.5727   2.1538   0.1795   3.3761   0.1538
 2    5.1166   1.1560   1.7736   4.6796   0.8384   0.6768   2.4343   0.2020   3.9596   0.2020
 2    4.6901   1.3512   1.0153   4.4968   0.7917   0.6771   2.3333   0.1979   4.0313   0.1979
 2    5.4518   1.9975   1.6259   3.9609   0.7094   0.5812   2.1624   0.1880   3.4530   0.1368
 2    5.3660   1.1777   1.8663   4.1789   0.7037   0.6019   2.2130   0.1574   3.7315   0.1204
 2    7.3827   0.7815   1.1560   5.1061   0.5222   0.3222   2.8667   0.2333   4.2444   0.1667
 2    4.9046   1.1792   2.4318   4.1408   0.7429   0.6190   2.1619   0.1810   3.8857   0.1333
 2    7.6509   0.7884   1.0488   5.0709   0.5490   0.3824   2.6863   0.2451   3.7255   0.2255
 2    6.0453   0.5760   0.7825   4.6665   0.6847   0.5766   2.3514   0.2072   3.6036   0.1532
 2    6.1118   1.9333   2.3486   4.7782   0.7374   0.6364   2.6162   0.2121   4.0000   0.1717
 2    6.9401   1.0634   1.2011   4.5278   0.6667   0.5556   2.2698   0.1667   3.1032   0.1587
 2    5.2732   1.6851   1.4454   4.7252   0.6364   0.5303   3.0455   0.1515   5.6061   0.1818
 2    7.2224   1.0932   1.0080   4.3240   0.6241   0.4894   2.0851   0.1773   2.7872   0.1702
 2    5.8713   1.0944   1.3408   4.7748   0.5679   0.4938   2.7531   0.1235   4.6296   0.1481
 2    7.3580   1.1026   0.6961   4.2286   0.6312   0.4965   2.1418   0.1631   2.7447   0.1489
 2    6.1974   2.3506   3.6860   4.3493   0.6222   0.4444   2.7778   0.1667   4.3111   0.0778
 1    1.2170   0.7672   1.4280   1.7226   0.9720   0.9364   1.0076   0.9746   0.9873   0.9695
 2    7.5750   0.5890   3.2349   3.9148   0.5849   0.4780   1.9057   0.1824   2.4025   0.1572
 2    3.9072   1.7417   1.6795   4.1533   0.8718   0.7863   1.9316   0.1709   3.2906   0.1026
 2    7.8452   0.8257   1.6244   4.8354   0.6538   0.5641   2.0577   0.2372   2.5513   0.1795
 2    5.8896   0.6936   1.6382   4.3017   0.6061   0.5051   2.3434   0.2222   3.8889   0.1212
 2    6.7926   0.8893   2.9306   4.8129   0.6944   0.5694   2.0625   0.1875   2.9167   0.1806
 1    0.7318   1.2117   1.8100   1.0419   0.9867   0.9973   1.0373   1.0240   0.9840   1.0187
 1    1.5450   0.7489   1.0191   1.6001   0.9707   1.0080   1.0907   1.0027   1.0453   0.9893
 2    5.7121   1.3603   0.9473   4.9689   0.7246   0.6232   3.1014   0.0870   5.4203   0.0870
 2    5.9442   2.2128   3.0874   4.7727   0.6437   0.5172   2.7356   0.0690   4.3218   0.0575
 2    6.9939   2.7460   4.7111   4.4028   0.6757   0.5135   2.5496   0.1351   3.5135   0.0631
 2    7.5540   2.4242   3.0426   3.7232   0.5694   0.4236   2.0556   0.0972   2.7431   0.0486
 2    5.8518   2.4139   3.9110   4.5803   0.7826   0.6522   2.1304   0.2681   2.9348   0.2464
 2    6.3365   1.1816   4.1076   6.5392   0.4815   0.0556   4.2963   0.0000   7.7593   0.0000
 2    6.3460   1.3088   1.1235   4.4260   0.4881   0.3214   2.6548   0.0476   4.5119   0.0833
 2    6.3454   1.6213   5.0425   6.0258   0.2444   0.0000   4.6889   0.0000   9.3333   0.0000
 2    6.9085   1.4788   5.5739   6.1585   0.3333   0.0417   4.7083   0.0000   8.5417   0.0000
 2    7.7657   3.4104   5.9073   4.3346   0.5175   0.3158   2.4737   0.1228   3.3246   0.0789
 2    5.6753   1.2335   4.9613   5.5218   0.1667   0.0000   6.1667   0.0000  13.3333   0.0000
 2    6.9839   3.3291   5.3812   5.6860   0.6667   0.5442   2.1973   0.2177   2.8163   0.1905
 2    6.9034   1.3750   4.6551   5.7787   0.2292   0.0000   4.5208   0.0000   8.3542   0.0000
 2    7.3614   1.5765   5.9732   5.8296   0.2549   0.0000   4.5490   0.0000   8.0196   0.0000
 2    3.9757   1.7441   2.0565   4.2362   0.8021   0.7396   2.2396   0.3542   4.5938   0.3542
 2    7.7788   3.1373   5.3437   5.4874   0.6458   0.3958   3.0417   0.2188   3.9792   0.1354
 2    6.9482   2.4882   4.2807   6.3567   0.5889   0.4444   3.1222   0.2444   4.4667   0.2000
 2    5.8779   2.8282   4.8494   6.1642   0.6207   0.4943   2.8966   0.2759   4.5057   0.1609
 1    0.9478   1.0023   0.8359   0.5866   0.9773   0.9470   1.0126   1.0025   1.0328   0.9747
 2    6.1824   1.5402   3.4527   4.5362   0.7467   0.5533   1.9467   0.3200   2.5600   0.3000
 2    7.7762   3.1671   4.3617   7.5570   0.3333   0.0000   4.4921   0.1111   6.7778   0.3175
 2    7.7476   3.1595   5.4641   4.5553   0.5385   0.3761   2.4530   0.2735   3.3419   0.2051
 2    6.6806   1.7200   5.8374   6.1733   0.3889   0.0926   4.2407   0.4444   7.7963   0.6667
 1    0.6474   0.4955   0.5506   0.7005   1.0000   1.0054   1.0565   0.9785   1.0591   1.0081
 2    6.9192   3.6416   5.6165   4.5474   0.6452   0.4624   2.7527   0.3118   4.3441   0.2258
 2    5.5537   0.6322   2.6700   5.0621   0.6282   0.4744   2.8590   0.2692   5.0769   0.1026
 2    5.0095   4.2984   5.3468   1.8575   0.7521   0.6453   1.3120   0.3333   1.5983   0.2393
 2    4.2163   1.5482   2.5832   5.7911   0.5455   0.5152   5.3030   2.3636  11.9394   2.4545
 1    0.6645   0.7336   0.6322   0.7692   0.9708   0.9684   1.0000   0.8710   1.0219   0.8637
 2    4.9848   1.0812   4.6982   5.9166   0.5965   0.6316   3.4561   1.6842   7.1053   1.5088
 2    7.0074   1.0326   3.3502   2.7717   0.6296   0.3407   1.9852   0.1926   2.9630   0.1407
 1    0.7132   0.5107   0.8554   0.7706   0.9925   0.9925   1.0326   0.9198   1.0125   0.9248
 2    3.8409   3.0777   4.0802   3.8142   0.7719   0.6842   1.9123   0.1930   3.0526   0.0965
 3    8.1226   1.4551   3.0269   5.6340   0.1061   0.0000   3.5606   0.0000   5.9242   0.0000
 1    0.7735   0.5092   0.8259   1.6046   0.9808   0.9400   0.9736   0.9640   0.7794   0.9233
 1    0.8824   0.5369   0.3664   1.3692   0.9616   0.9520   0.9760   0.6882   0.9640   0.5947
 3   11.1680   4.4039   7.5884   5.8630   0.1042   0.0000   3.1875   0.0000   4.0417   0.0000
 3   11.3371   4.5782   7.8451   6.5284   0.0000   0.0000   3.2188   0.0000   4.0625   0.0000
 3   12.6440   0.7159   0.6011  10.1684   0.0000   0.0000   5.3175   0.0000   6.1587   0.0000
 3   12.8206   0.4267   0.3937  10.0277   0.0000   0.0000   4.8986   0.0000   5.6087   0.0000
 3   12.9821   0.4064   0.2226   9.8210   0.0000   0.0000   4.4933   0.0000   5.1867   0.0000
 3   13.4678   0.8029   0.8975   9.8658   0.0000   0.0000   4.6133   0.0000   5.1467   0.0000
 3   13.8703   0.8333   0.9059  10.1337   0.0000   0.0000   4.0690   0.0000   4.4253   0.0000
 3   14.2022   0.4705   0.5933  10.2273   0.0000   0.0000   4.4321   0.0000   4.9259   0.0000
 3   13.8532   0.7462   0.5968   7.8967   0.0000   0.0000   3.1351   0.0000   3.6126   0.0000
 3   14.2743   0.1995   0.1571   7.6122   0.0000   0.0000   2.5909   0.0000   3.0076   0.0000
 3   14.2794   0.3397   0.4530   7.8121   0.0000   0.0000   2.6357   0.0000   3.0543   0.0000
 3   13.0437   6.5413   7.2278   7.5970   0.0000   0.0000   2.7236   0.0000   3.2195   0.0000
 3   14.3080   0.7206   0.8012   5.6428   0.1667   0.0000   2.0333   0.0000   2.2222   0.0000
 3   14.3517   0.4213   0.3983   5.7264   0.1520   0.0000   2.1520   0.0000   2.3041   0.0000
 3   14.4548   1.4844   1.3112   6.2425   0.1475   0.0000   1.9617   0.0000   2.1749   0.0000
 3    9.1428   1.9344   2.9432   2.8317   0.1759   0.0000   2.4352   0.0000   3.5833   0.0000
 3    8.7938   0.9328   1.1402   5.5143   0.0000   0.0000   3.7619   0.0000   6.3175   0.0000
 3    9.8424   0.9497   0.4786   4.6398   0.0000   0.0000   2.4706   0.0000   3.7843   0.0000
 3    9.6772   0.4462   0.4184   4.9305   0.0000   0.0000   2.9762   0.0000   4.6190   0.0000
 3   10.6518   0.2781   0.2294   5.1790   0.0000   0.0000   2.6373   0.0000   3.7451   0.0000
