[[17, 26, 5, 1957, 16, 24, 25, 29, 32, 36], [2065, 19, 1, 1985, 10, 16, 24, 25, 32, 36]]
[[25, 21, 7, 1957, 3, 6, 13, 22, 27, 33], [2251, 1, 11, 1986, 3, 13, 22, 27, 30, 33]]
[[41, 10, 11, 1957, 8, 19, 28, 30, 31, 47], [3624, 29, 12, 1999, 8, 19, 28, 31, 41, 47], [4789, 29, 12, 2009, 8, 16, 19, 30, 31, 47]]
[[54, 16, 2, 1958, 2, 8, 11, 39, 41, 45], [1270, 12, 6, 1977, 2, 7, 8, 11, 39, 41]]
[[56, 2, 3, 1958, 11, 14, 19, 22, 23, 25], [3337, 29, 3, 1997, 3, 11, 14, 22, 23, 25]]
[[61, 13, 4, 1958, 3, 15, 18, 35, 42, 43], [2711, 30, 3, 1991, 3, 18, 35, 36, 42, 43]]
[[71, 22, 6, 1958, 2, 14, 22, 44, 48, 49], [5256, 22, 12, 2012, 2, 14, 22, 43, 44, 48]]
[[74, 13, 7, 1958, 9, 16, 21, 24, 27, 35], [2501, 25, 3, 1989, 9, 16, 21, 22, 27, 35]]
[[76, 27, 7, 1958, 19, 21, 22, 25, 36, 44], [4077, 1, 5, 2004, 8, 21, 22, 25, 36, 44], [4144, 22, 12, 2004, 21, 22, 25, 26, 36, 44]]
[[77, 3, 8, 1958, 2, 4, 22, 31, 32, 43], [4880, 29, 7, 2010, 2, 4, 22, 30, 31, 32]]
[[79, 17, 8, 1958, 34, 35, 37, 38, 39, 45], [1186, 22, 8, 1976, 27, 34, 35, 38, 39, 45]]
[[80, 24, 8, 1958, 17, 21, 27, 35, 41, 49], [3593, 11, 9, 1999, 12, 17, 21, 35, 41, 49], [5243, 22, 11, 2012, 7, 17, 21, 27, 41, 49]]
[[98, 28, 12, 1958, 2, 22, 23, 33, 41, 43], [2674, 24, 11, 1990, 2, 22, 33, 41, 43, 46]]
[[103, 1, 2, 1959, 7, 11, 25, 34, 37, 45], [1887, 8, 5, 1983, 6, 11, 25, 34, 37, 45]]
[[112, 5, 4, 1959, 13, 26, 30, 32, 45, 46], [2380, 30, 1, 1988, 13, 26, 30, 32, 34, 46]]
[[119, 24, 5, 1959, 5, 17, 20, 23, 32, 34], [3447, 18, 4, 1998, 5, 9, 20, 23, 32, 34], [4617, 22, 11, 2008, 17, 20, 23, 32, 34, 48]]
[[125, 5, 7, 1959, 6, 23, 25, 29, 30, 34], [5924, 30, 3, 2017, 6, 18, 23, 25, 30, 34]]
[[131, 16, 8, 1959, 1, 2, 4, 5, 23, 36], [1175, 11, 7, 1976, 1, 2, 5, 12, 23, 36]]
[[134, 6, 9, 1959, 8, 13, 20, 21, 23, 26], [2188, 29, 3, 1986, 8, 13, 20, 21, 23, 31]]
[[151, 3, 1, 1960, 3, 6, 11, 15, 27, 48], [2311, 30, 5, 1987, 3, 6, 11, 15, 27, 34], [5114, 26, 1, 2012, 3, 6, 15, 27, 37, 48]]
[[163, 27, 3, 1960, 7, 18, 20, 25, 29, 46], [3254, 12, 6, 1996, 18, 20, 25, 29, 30, 46]]
[[166, 17, 4, 1960, 1, 14, 28, 34, 41, 43], [4855, 1, 6, 2010, 1, 14, 25, 28, 34, 41]]
[[175, 19, 6, 1960, 13, 14, 27, 31, 35, 40], [5316, 11, 5, 2013, 13, 14, 27, 30, 31, 35]]
[[185, 28, 8, 1960, 5, 9, 10, 29, 39, 41], [4725, 1, 8, 2009, 5, 9, 10, 20, 29, 39]]
[[206, 22, 1, 1961, 5, 15, 27, 37, 45, 48], [5410, 17, 12, 2013, 5, 15, 16, 27, 45, 48]]
[[207, 29, 1, 1961, 6, 14, 16, 26, 34, 42], [968, 9, 6, 1974, 6, 14, 24, 26, 34, 42]]
[[210, 19, 2, 1961, 3, 22, 23, 28, 40, 43], [5942, 11, 5, 2017, 3, 22, 23, 28, 38, 43]]
[[223, 21, 5, 1961, 2, 7, 9, 23, 26, 47], [5812, 12, 7, 2016, 2, 7, 9, 23, 42, 47]]
[[228, 25, 6, 1961, 12, 18, 21, 22, 30, 45], [3534, 17, 2, 1999, 12, 18, 22, 30, 38, 45]]
[[239, 10, 9, 1961, 7, 13, 18, 21, 23, 24], [631, 16, 2, 1969, 7, 12, 13, 18, 21, 24]]
[[242, 1, 10, 1961, 5, 14, 21, 26, 40, 44], [954, 7, 4, 1974, 5, 14, 21, 26, 35, 40]]
[[252, 10, 12, 1961, 5, 7, 17, 19, 36, 39], [1747, 3, 1, 1982, 5, 7, 17, 18, 19, 36]]
[[253, 17, 12, 1961, 7, 27, 32, 34, 36, 41], [3206, 27, 12, 1995, 7, 27, 30, 34, 36, 41], [4332, 11, 10, 2006, 7, 27, 34, 36, 41, 46]]
[[263, 25, 2, 1962, 2, 5, 8, 15, 22, 28], [6491, 12, 11, 2020, 3, 5, 8, 15, 22, 28]]
[[277, 3, 6, 1962, 12, 18, 25, 30, 32, 39], [4533, 10, 5, 2008, 3, 18, 25, 30, 32, 39]]
[[281, 1, 7, 1962, 5, 8, 22, 33, 39, 48], [4336, 25, 10, 2006, 1, 5, 22, 33, 39, 48]]
[[284, 22, 7, 1962, 6, 9, 30, 31, 34, 39], [6116, 21, 6, 2018, 6, 9, 22, 30, 34, 39]]
[[290, 2, 9, 1962, 1, 6, 10, 15, 28, 32], [5475, 17, 5, 2014, 1, 6, 12, 15, 28, 32]]
[[299, 4, 11, 1962, 17, 31, 37, 46, 47, 49], [2688, 12, 1, 1991, 17, 31, 35, 46, 47, 49]]
[[308, 6, 1, 1963, 9, 13, 19, 31, 35, 40], [6037, 19, 12, 2017, 9, 13, 31, 34, 35, 40]]
[[315, 24, 2, 1963, 4, 32, 34, 44, 45, 47], [429, 25, 4, 1965, 27, 32, 34, 44, 45, 47]]
[[318, 17, 3, 1963, 2, 9, 10, 14, 32, 39], [2847, 18, 7, 1992, 2, 9, 10, 14, 33, 39]]
[[325, 5, 5, 1963, 1, 27, 34, 40, 44, 46], [4879, 27, 7, 2010, 1, 6, 27, 34, 40, 46]]
[[338, 4, 8, 1963, 1, 5, 17, 23, 37, 48], [6511, 29, 12, 2020, 1, 17, 23, 37, 45, 48]]
[[340, 18, 8, 1963, 13, 18, 20, 23, 27, 40], [6300, 24, 8, 2019, 13, 18, 23, 27, 40, 48]]
[[349, 20, 10, 1963, 6, 10, 15, 19, 34, 43], [2633, 30, 6, 1990, 6, 10, 15, 32, 34, 43]]
[[363, 26, 1, 1964, 4, 7, 11, 24, 31, 39], [1893, 29, 5, 1983, 4, 7, 11, 19, 24, 31]]
[[381, 31, 5, 1964, 8, 21, 25, 29, 35, 36], [1987, 22, 4, 1984, 8, 14, 21, 29, 35, 36]]
[[391, 9, 8, 1964, 7, 18, 30, 31, 33, 46], [1748, 10, 1, 1982, 7, 18, 30, 33, 44, 46]]
[[401, 18, 10, 1964, 6, 14, 21, 28, 30, 34], [893, 10, 6, 1973, 6, 14, 21, 28, 34, 38]]
[[429, 25, 4, 1965, 27, 32, 34, 44, 45, 47], [315, 24, 2, 1963, 4, 32, 34, 44, 45, 47]]
[[430, 2, 5, 1965, 5, 7, 11, 15, 16, 38], [3003, 15, 1, 1994, 7, 11, 13, 15, 16, 38]]
[[434, 30, 5, 1965, 9, 12, 18, 36, 44, 45], [3135, 22, 4, 1995, 9, 18, 22, 36, 44, 45]]
[[441, 18, 7, 1965, 2, 4, 6, 17, 27, 49], [5836, 6, 9, 2016, 2, 4, 6, 17, 34, 49]]
[[466, 9, 1, 1966, 17, 23, 26, 30, 31, 32], [6110, 7, 6, 2018, 23, 26, 30, 31, 32, 35], [6407, 30, 4, 2020, 10, 17, 23, 26, 30, 32]]
[[478, 27, 3, 1966, 6, 9, 20, 34, 40, 42], [6334, 12, 11, 2019, 9, 20, 34, 40, 42, 43]]
[[500, 28, 8, 1966, 18, 22, 23, 26, 28, 41], [1387, 23, 7, 1978, 18, 22, 23, 26, 28, 48]]
[[502, 11, 9, 1966, 4, 7, 9, 13, 28, 49], [3153, 24, 6, 1995, 7, 9, 13, 15, 28, 49]]
[[503, 18, 9, 1966, 3, 10, 11, 12, 28, 29], [5021, 23, 6, 2011, 3, 11, 12, 28, 29, 43]]
[[549, 30, 7, 1967, 15, 20, 29, 33, 39, 46], [5043, 13, 8, 2011, 15, 20, 29, 33, 34, 46]]
[[550, 6, 8, 1967, 2, 20, 30, 44, 47, 49], [5835, 3, 9, 2016, 2, 20, 37, 44, 47, 49]]
[[584, 24, 3, 1968, 2, 9, 12, 23, 24, 32], [3131, 8, 4, 1995, 2, 9, 12, 23, 24, 47]]
[[586, 7, 4, 1968, 2, 20, 21, 23, 38, 49], [2451, 1, 10, 1988, 2, 20, 21, 38, 48, 49]]
[[594, 2, 6, 1968, 13, 15, 25, 29, 37, 40], [1481, 17, 6, 1979, 13, 15, 16, 25, 29, 37]]
[[602, 28, 7, 1968, 2, 24, 26, 36, 37, 46], [2231, 23, 8, 1986, 2, 24, 26, 37, 40, 46], [4582, 2, 9, 2008, 24, 26, 33, 36, 37, 46]]
[[603, 4, 8, 1968, 3, 12, 14, 29, 32, 41], [3810, 10, 10, 2001, 3, 12, 14, 28, 29, 41]]
[[618, 17, 11, 1968, 6, 16, 21, 30, 40, 47], [5672, 20, 8, 2015, 6, 16, 21, 30, 47, 48]]
[[631, 16, 2, 1969, 7, 12, 13, 18, 21, 24], [239, 10, 9, 1961, 7, 13, 18, 21, 23, 24]]
[[639, 6, 4, 1969, 3, 19, 24, 41, 42, 45], [4047, 17, 1, 2004, 3, 19, 24, 31, 41, 45]]
[[645, 18, 5, 1969, 6, 25, 26, 33, 34, 35], [4801, 26, 1, 2010, 6, 23, 25, 26, 33, 35]]
[[674, 7, 12, 1969, 4, 13, 15, 25, 27, 31], [3797, 25, 8, 2001, 4, 15, 25, 27, 31, 33]]
[[677, 21, 12, 1969, 3, 28, 32, 36, 37, 40], [6411, 9, 5, 2020, 8, 28, 32, 36, 37, 40]]
[[679, 4, 1, 1970, 3, 13, 19, 22, 32, 36], [4415, 28, 7, 2007, 3, 19, 22, 23, 32, 36]]
[[694, 12, 4, 1970, 4, 11, 25, 31, 36, 43], [3391, 4, 10, 1997, 4, 11, 25, 28, 36, 43]]
[[704, 21, 6, 1970, 1, 10, 22, 30, 45, 47], [2481, 14, 1, 1989, 1, 10, 19, 22, 30, 47]]
[[718, 27, 9, 1970, 19, 24, 26, 35, 42, 45], [3424, 28, 1, 1998, 19, 24, 26, 32, 35, 42]]
[[756, 30, 5, 1971, 13, 15, 20, 29, 40, 49], [1637, 14, 12, 1980, 13, 15, 20, 29, 30, 49]]
[[761, 4, 7, 1971, 20, 27, 30, 38, 47, 49], [6469, 22, 9, 2020, 16, 20, 27, 30, 38, 47]]
[[762, 11, 7, 1971, 5, 13, 20, 24, 39, 43], [6059, 8, 2, 2018, 5, 17, 20, 24, 39, 43]]
[[765, 1, 8, 1971, 5, 13, 18, 23, 30, 32], [5465, 24, 4, 2014, 5, 8, 18, 23, 30, 32]]
[[782, 14, 11, 1971, 1, 2, 5, 9, 10, 13], [2632, 30, 6, 1990, 2, 5, 9, 10, 13, 24]]
[[786, 5, 12, 1971, 15, 23, 30, 33, 45, 47], [2828, 13, 5, 1992, 7, 23, 30, 33, 45, 47]]
[[789, 19, 12, 1971, 3, 4, 8, 32, 39, 49], [3709, 21, 10, 2000, 3, 4, 8, 21, 32, 49]]
[[795, 23, 1, 1972, 12, 14, 19, 23, 33, 46], [2128, 31, 8, 1985, 12, 14, 19, 23, 27, 46]]
[[800, 20, 2, 1972, 20, 22, 31, 34, 39, 46], [1551, 17, 2, 1980, 17, 22, 31, 34, 39, 46]]
[[813, 7, 5, 1972, 3, 6, 7, 21, 41, 45], [4735, 25, 8, 2009, 3, 7, 21, 34, 41, 45]]
[[830, 13, 8, 1972, 14, 15, 27, 42, 43, 49], [1362, 30, 4, 1978, 14, 27, 33, 42, 43, 49]]
[[837, 17, 9, 1972, 2, 8, 18, 30, 44, 46], [6019, 7, 11, 2017, 2, 8, 18, 27, 30, 46]]
[[847, 5, 11, 1972, 1, 5, 14, 15, 28, 41], [2366, 12, 12, 1987, 1, 5, 10, 15, 28, 41], [4075, 24, 4, 2004, 1, 14, 15, 28, 37, 41]]
[[881, 15, 4, 1973, 16, 21, 22, 32, 42, 44], [5436, 15, 2, 2014, 16, 21, 27, 32, 42, 44]]
[[884, 6, 5, 1973, 2, 4, 15, 20, 22, 29], [5390, 31, 10, 2013, 2, 4, 18, 20, 22, 29]]
[[893, 10, 6, 1973, 6, 14, 21, 28, 34, 38], [401, 18, 10, 1964, 6, 14, 21, 28, 30, 34]]
[[900, 15, 7, 1973, 6, 29, 34, 35, 36, 41], [4539, 24, 5, 2008, 6, 23, 29, 34, 35, 36]]
[[904, 5, 8, 1973, 4, 13, 25, 27, 47, 48], [4378, 21, 3, 2007, 4, 17, 25, 27, 47, 48]]
[[907, 19, 8, 1973, 4, 15, 24, 30, 41, 45], [1861, 6, 2, 1983, 4, 15, 24, 26, 30, 45]]
[[929, 2, 12, 1973, 13, 17, 28, 29, 48, 49], [5029, 12, 7, 2011, 14, 17, 28, 29, 48, 49]]
[[942, 3, 2, 1974, 5, 26, 27, 43, 45, 46], [4113, 4, 9, 2004, 13, 26, 27, 43, 45, 46]]
[[950, 10, 3, 1974, 13, 15, 18, 27, 30, 34], [4200, 6, 7, 2005, 15, 18, 24, 27, 30, 34]]
[[954, 7, 4, 1974, 5, 14, 21, 26, 35, 40], [242, 1, 10, 1961, 5, 14, 21, 26, 40, 44]]
[[957, 14, 4, 1974, 2, 10, 21, 33, 35, 44], [1835, 7, 11, 1982, 2, 10, 21, 33, 36, 44]]
[[968, 9, 6, 1974, 6, 14, 24, 26, 34, 42], [207, 29, 1, 1961, 6, 14, 16, 26, 34, 42]]
[[996, 20, 10, 1974, 5, 8, 11, 13, 35, 49], [5185, 10, 7, 2012, 5, 8, 13, 35, 45, 49]]
[[1005, 24, 11, 1974, 4, 18, 24, 30, 35, 36], [5430, 1, 2, 2014, 4, 18, 24, 30, 36, 37]]
[[1017, 5, 1, 1975, 13, 15, 20, 29, 31, 35], [1322, 11, 12, 1977, 13, 15, 16, 29, 31, 35]]
[[1041, 30, 3, 1975, 2, 22, 30, 31, 34, 43], [1252, 10, 4, 1977, 2, 15, 22, 30, 31, 34]]
[[1043, 6, 4, 1975, 16, 20, 32, 33, 43, 46], [2664, 20, 10, 1990, 20, 27, 32, 33, 43, 46]]
[[1045, 13, 4, 1975, 7, 8, 16, 37, 45, 47], [1247, 20, 3, 1977, 7, 8, 16, 37, 38, 47], [1961, 22, 1, 1984, 8, 16, 22, 37, 45, 47]]
[[1046, 20, 4, 1975, 2, 4, 26, 27, 32, 48], [3854, 13, 3, 2002, 2, 4, 27, 30, 32, 48]]
[[1056, 25, 5, 1975, 19, 22, 25, 32, 40, 46], [4931, 25, 11, 2010, 19, 22, 25, 28, 40, 46]]
[[1067, 29, 6, 1975, 2, 3, 8, 17, 29, 33], [2452, 8, 10, 1988, 2, 3, 8, 29, 33, 43]]
[[1107, 16, 11, 1975, 25, 28, 30, 31, 35, 42], [3230, 20, 3, 1996, 25, 28, 30, 31, 42, 44]]
[[1109, 23, 11, 1975, 8, 27, 30, 41, 44, 49], [5113, 24, 1, 2012, 27, 30, 41, 42, 44, 49]]
[[1111, 30, 11, 1975, 4, 24, 34, 40, 44, 47], [5945, 18, 5, 2017, 4, 17, 24, 34, 40, 47]]
[[1115, 14, 12, 1975, 10, 19, 30, 32, 39, 44], [1282, 24, 7, 1977, 19, 27, 30, 32, 39, 44]]
[[1123, 11, 1, 1976, 17, 20, 24, 30, 36, 41], [3862, 10, 4, 2002, 1, 17, 20, 30, 36, 41]]
[[1125, 18, 1, 1976, 11, 20, 21, 29, 38, 47], [1384, 16, 7, 1978, 3, 11, 20, 29, 38, 47]]
[[1127, 25, 1, 1976, 2, 12, 17, 21, 30, 38], [1405, 24, 9, 1978, 2, 17, 21, 30, 38, 49]]
[[1132, 15, 2, 1976, 4, 9, 14, 24, 44, 45], [3689, 12, 8, 2000, 4, 9, 24, 39, 44, 45]]
[[1147, 4, 4, 1976, 3, 21, 32, 34, 36, 37], [2127, 24, 8, 1985, 3, 21, 24, 34, 36, 37]]
[[1160, 23, 5, 1976, 15, 24, 33, 41, 42, 43], [3846, 13, 2, 2002, 1, 15, 24, 33, 42, 43]]
[[1175, 11, 7, 1976, 1, 2, 5, 12, 23, 36], [131, 16, 8, 1959, 1, 2, 4, 5, 23, 36]]
[[1183, 8, 8, 1976, 10, 21, 26, 33, 35, 41], [1899, 19, 6, 1983, 2, 10, 21, 26, 35, 41]]
[[1186, 22, 8, 1976, 27, 34, 35, 38, 39, 45], [79, 17, 8, 1958, 34, 35, 37, 38, 39, 45]]
[[1204, 24, 10, 1976, 2, 7, 15, 17, 22, 40], [3338, 2, 4, 1997, 7, 15, 17, 22, 40, 45]]
[[1219, 12, 12, 1976, 12, 24, 26, 28, 39, 46], [2591, 3, 2, 1990, 5, 12, 24, 26, 39, 46]]
[[1242, 6, 3, 1977, 11, 19, 29, 31, 36, 49], [2944, 23, 6, 1993, 19, 27, 29, 31, 36, 49]]
[[1247, 20, 3, 1977, 7, 8, 16, 37, 38, 47], [1045, 13, 4, 1975, 7, 8, 16, 37, 45, 47]]
[[1250, 3, 4, 1977, 24, 30, 33, 36, 37, 46], [4582, 2, 9, 2008, 24, 26, 33, 36, 37, 46]]
[[1252, 10, 4, 1977, 2, 15, 22, 30, 31, 34], [1041, 30, 3, 1975, 2, 22, 30, 31, 34, 43]]
[[1254, 17, 4, 1977, 8, 22, 25, 28, 35, 39], [2389, 27, 2, 1988, 8, 15, 22, 25, 28, 39]]
[[1263, 15, 5, 1977, 5, 8, 19, 32, 41, 46], [5020, 21, 6, 2011, 2, 5, 19, 32, 41, 46]]
[[1270, 12, 6, 1977, 2, 7, 8, 11, 39, 41], [54, 16, 2, 1958, 2, 8, 11, 39, 41, 45]]
[[1279, 10, 7, 1977, 19, 24, 25, 37, 40, 42], [5156, 3, 5, 2012, 18, 19, 24, 25, 40, 42]]
[[1282, 24, 7, 1977, 19, 27, 30, 32, 39, 44], [1115, 14, 12, 1975, 10, 19, 30, 32, 39, 44]]
[[1298, 18, 9, 1977, 3, 4, 26, 28, 33, 38], [5735, 14, 1, 2016, 3, 4, 8, 26, 33, 38]]
[[1303, 2, 10, 1977, 23, 28, 34, 39, 40, 46], [1805, 25, 7, 1982, 1, 23, 28, 39, 40, 46]]
[[1311, 30, 10, 1977, 17, 23, 24, 38, 39, 42], [2399, 2, 4, 1988, 23, 24, 38, 39, 41, 42]]
[[1322, 11, 12, 1977, 13, 15, 16, 29, 31, 35], [1017, 5, 1, 1975, 13, 15, 20, 29, 31, 35]]
[[1332, 15, 1, 1978, 20, 28, 29, 42, 44, 46], [3398, 29, 10, 1997, 9, 20, 29, 42, 44, 46]]
[[1355, 2, 4, 1978, 16, 17, 23, 24, 27, 33], [5372, 19, 9, 2013, 5, 16, 17, 23, 24, 33]]
[[1360, 23, 4, 1978, 11, 24, 27, 39, 40, 42], [1413, 22, 10, 1978, 15, 24, 27, 39, 40, 42], [4624, 9, 12, 2008, 11, 22, 24, 27, 40, 42]]
[[1362, 30, 4, 1978, 14, 27, 33, 42, 43, 49], [830, 13, 8, 1972, 14, 15, 27, 42, 43, 49], [2676, 1, 12, 1990, 17, 27, 33, 42, 43, 49], [5439, 22, 2, 2014, 14, 27, 33, 43, 48, 49]]
[[1365, 7, 5, 1978, 2, 9, 19, 23, 32, 40], [2206, 31, 5, 1986, 2, 19, 23, 31, 32, 40]]
[[1371, 28, 5, 1978, 1, 14, 19, 28, 32, 38], [4402, 13, 6, 2007, 1, 14, 19, 27, 28, 38]]
[[1380, 2, 7, 1978, 1, 14, 34, 36, 38, 44], [6208, 22, 1, 2019, 1, 10, 14, 36, 38, 44]]
[[1384, 16, 7, 1978, 3, 11, 20, 29, 38, 47], [1125, 18, 1, 1976, 11, 20, 21, 29, 38, 47]]
[[1387, 23, 7, 1978, 18, 22, 23, 26, 28, 48], [500, 28, 8, 1966, 18, 22, 23, 26, 28, 41]]
[[1393, 13, 8, 1978, 9, 27, 34, 36, 40, 46], [2786, 18, 12, 1991, 9, 26, 27, 34, 36, 46]]
[[1405, 24, 9, 1978, 2, 17, 21, 30, 38, 49], [1127, 25, 1, 1976, 2, 12, 17, 21, 30, 38]]
[[1410, 15, 10, 1978, 5, 15, 25, 26, 40, 42], [4425, 1, 9, 2007, 5, 15, 21, 25, 26, 40]]
[[1413, 22, 10, 1978, 15, 24, 27, 39, 40, 42], [1360, 23, 4, 1978, 11, 24, 27, 39, 40, 42]]
[[1418, 12, 11, 1978, 2, 9, 23, 36, 44, 45], [2782, 4, 12, 1991, 9, 23, 36, 44, 45, 47]]
[[1420, 19, 11, 1978, 13, 22, 25, 34, 38, 45], [2862, 9, 9, 1992, 22, 25, 34, 38, 45, 46]]
[[1432, 31, 12, 1978, 3, 18, 19, 28, 33, 47], [4602, 18, 10, 2008, 3, 6, 18, 19, 28, 33], [4733, 20, 8, 2009, 3, 5, 18, 19, 33, 47]]
[[1475, 27, 5, 1979, 1, 7, 16, 29, 32, 39], [3852, 6, 3, 2002, 7, 14, 16, 29, 32, 39]]
[[1477, 3, 6, 1979, 2, 14, 24, 26, 36, 40], [6172, 30, 10, 2018, 2, 14, 22, 24, 26, 36]]
[[1481, 17, 6, 1979, 13, 15, 16, 25, 29, 37], [594, 2, 6, 1968, 13, 15, 25, 29, 37, 40]]
[[1486, 8, 7, 1979, 5, 12, 27, 29, 30, 49], [5264, 10, 1, 2013, 5, 21, 27, 29, 30, 49]]
[[1501, 26, 8, 1979, 11, 19, 27, 31, 43, 45], [4372, 28, 2, 2007, 4, 11, 19, 27, 43, 45]]
[[1506, 16, 9, 1979, 3, 6, 8, 18, 19, 26], [2918, 24, 3, 1993, 3, 6, 8, 14, 18, 26]]
[[1513, 7, 10, 1979, 4, 19, 24, 36, 38, 43], [1617, 5, 10, 1980, 4, 24, 32, 36, 38, 43]]
[[1524, 18, 11, 1979, 8, 20, 30, 36, 40, 47], [3562, 26, 5, 1999, 8, 20, 30, 39, 40, 47]]
[[1546, 3, 2, 1980, 14, 15, 24, 26, 42, 49], [3366, 9, 7, 1997, 9, 14, 15, 26, 42, 49]]
[[1551, 17, 2, 1980, 17, 22, 31, 34, 39, 46], [800, 20, 2, 1972, 20, 22, 31, 34, 39, 46]]
[[1570, 27, 4, 1980, 3, 9, 15, 34, 36, 47], [2454, 15, 10, 1988, 9, 15, 26, 34, 36, 47]]
[[1572, 4, 5, 1980, 3, 4, 18, 19, 39, 43], [5146, 10, 4, 2012, 3, 4, 18, 20, 39, 43]]
[[1579, 25, 5, 1980, 2, 16, 37, 38, 45, 48], [5225, 11, 10, 2012, 2, 4, 16, 37, 38, 48]]
[[1588, 29, 6, 1980, 2, 3, 26, 30, 42, 45], [5360, 22, 8, 2013, 2, 3, 17, 26, 30, 42]]
[[1589, 29, 6, 1980, 5, 15, 18, 24, 28, 44], [4013, 20, 9, 2003, 5, 15, 18, 21, 24, 28]]
[[1590, 6, 7, 1980, 2, 3, 22, 31, 36, 44], [4607, 30, 10, 2008, 2, 22, 31, 36, 44, 46]]
[[1601, 10, 8, 1980, 4, 7, 22, 23, 31, 45], [1833, 31, 10, 1982, 3, 4, 7, 23, 31, 45]]
[[1604, 24, 8, 1980, 2, 15, 17, 24, 25, 43], [3660, 3, 5, 2000, 2, 15, 17, 24, 40, 43]]
[[1605, 24, 8, 1980, 14, 21, 38, 40, 42, 44], [5921, 23, 3, 2017, 14, 21, 32, 38, 42, 44]]
[[1612, 21, 9, 1980, 2, 3, 20, 23, 31, 47], [3143, 20, 5, 1995, 2, 3, 4, 20, 31, 47]]
[[1614, 28, 9, 1980, 21, 22, 25, 26, 42, 44], [4144, 22, 12, 2004, 21, 22, 25, 26, 36, 44]]
[[1617, 5, 10, 1980, 4, 24, 32, 36, 38, 43], [1513, 7, 10, 1979, 4, 19, 24, 36, 38, 43]]
[[1620, 19, 10, 1980, 9, 16, 27, 30, 47, 49], [1639, 21, 12, 1980, 9, 16, 30, 34, 47, 49], [2798, 29, 1, 1992, 9, 14, 16, 27, 47, 49]]
[[1627, 9, 11, 1980, 6, 10, 12, 22, 30, 46], [5283, 23, 2, 2013, 6, 10, 12, 22, 30, 45], [5331, 15, 6, 2013, 6, 10, 12, 22, 30, 37]]
[[1637, 14, 12, 1980, 13, 15, 20, 29, 30, 49], [756, 30, 5, 1971, 13, 15, 20, 29, 40, 49]]
[[1639, 21, 12, 1980, 9, 16, 30, 34, 47, 49], [1620, 19, 10, 1980, 9, 16, 27, 30, 47, 49]]
[[1668, 5, 4, 1981, 17, 21, 31, 35, 39, 41], [4703, 11, 6, 2009, 21, 23, 31, 35, 39, 41]]
[[1674, 26, 4, 1981, 1, 21, 27, 31, 33, 41], [6036, 16, 12, 2017, 1, 13, 27, 31, 33, 41]]
[[1675, 26, 4, 1981, 11, 13, 29, 30, 44, 46], [5458, 8, 4, 2014, 11, 13, 17, 29, 30, 46]]
[[1678, 10, 5, 1981, 7, 9, 14, 27, 42, 45], [2138, 5, 10, 1985, 7, 9, 10, 14, 42, 45]]
[[1689, 14, 6, 1981, 1, 2, 5, 6, 11, 16], [2043, 3, 11, 1984, 1, 2, 5, 11, 16, 29]]
[[1690, 21, 6, 1981, 6, 19, 24, 28, 31, 35], [5086, 22, 11, 2011, 6, 9, 19, 28, 31, 35]]
[[1693, 28, 6, 1981, 17, 30, 31, 34, 45, 46], [1895, 5, 6, 1983, 17, 28, 30, 31, 34, 46]]
[[1704, 9, 8, 1981, 3, 11, 25, 29, 36, 45], [5479, 27, 5, 2014, 3, 11, 20, 29, 36, 45]]
[[1706, 16, 8, 1981, 1, 2, 4, 5, 10, 29], [2158, 14, 12, 1985, 1, 2, 4, 5, 10, 31]]
[[1710, 30, 8, 1981, 3, 8, 18, 19, 27, 36], [6108, 2, 6, 2018, 3, 8, 12, 19, 27, 36]]
[[1722, 11, 10, 1981, 3, 7, 22, 32, 41, 46], [6086, 12, 4, 2018, 3, 6, 7, 22, 32, 41]]
[[1726, 25, 10, 1981, 8, 14, 16, 20, 42, 46], [2556, 7, 10, 1989, 8, 14, 16, 20, 46, 49]]
[[1731, 8, 11, 1981, 8, 10, 16, 24, 29, 44], [4991, 14, 4, 2011, 5, 8, 10, 16, 24, 44]]
[[1738, 6, 12, 1981, 1, 17, 26, 28, 34, 38], [3773, 2, 6, 2001, 1, 17, 28, 34, 38, 43]]
[[1747, 3, 1, 1982, 5, 7, 17, 18, 19, 36], [252, 10, 12, 1961, 5, 7, 17, 19, 36, 39]]
[[1748, 10, 1, 1982, 7, 18, 30, 33, 44, 46], [391, 9, 8, 1964, 7, 18, 30, 31, 33, 46]]
[[1755, 31, 1, 1982, 11, 17, 19, 23, 38, 42], [5094, 10, 12, 2011, 11, 17, 23, 38, 42, 46]]
[[1779, 25, 4, 1982, 13, 19, 33, 36, 43, 49], [3088, 9, 11, 1994, 13, 19, 33, 36, 43, 48]]
[[1785, 16, 5, 1982, 6, 16, 29, 35, 38, 39], [4066, 24, 3, 2004, 6, 21, 29, 35, 38, 39]]
[[1793, 13, 6, 1982, 1, 2, 26, 37, 43, 44], [5800, 14, 6, 2016, 1, 2, 13, 26, 37, 44]]
[[1805, 25, 7, 1982, 1, 23, 28, 39, 40, 46], [1303, 2, 10, 1977, 23, 28, 34, 39, 40, 46]]
[[1814, 29, 8, 1982, 8, 10, 21, 29, 32, 41], [3331, 8, 3, 1997, 8, 10, 21, 32, 40, 41]]
[[1820, 19, 9, 1982, 5, 26, 29, 38, 43, 46], [1856, 23, 1, 1983, 5, 26, 29, 36, 38, 43]]
[[1822, 26, 9, 1982, 14, 17, 18, 22, 33, 46], [4585, 9, 9, 2008, 14, 17, 22, 24, 33, 46]]
[[1827, 10, 10, 1982, 3, 6, 7, 25, 33, 45], [6487, 3, 11, 2020, 3, 6, 10, 25, 33, 45]]
[[1833, 31, 10, 1982, 3, 4, 7, 23, 31, 45], [1601, 10, 8, 1980, 4, 7, 22, 23, 31, 45]]
[[1834, 7, 11, 1982, 12, 17, 22, 25, 30, 31], [2187, 22, 3, 1986, 17, 22, 25, 30, 31, 39]]
[[1835, 7, 11, 1982, 2, 10, 21, 33, 36, 44], [957, 14, 4, 1974, 2, 10, 21, 33, 35, 44]]
[[1838, 21, 11, 1982, 4, 8, 16, 26, 31, 39], [3936, 25, 12, 2002, 4, 13, 16, 26, 31, 39]]
[[1847, 19, 12, 1982, 2, 13, 21, 24, 27, 36], [6188, 6, 12, 2018, 2, 21, 24, 27, 35, 36]]
[[1856, 23, 1, 1983, 5, 26, 29, 36, 38, 43], [1820, 19, 9, 1982, 5, 26, 29, 38, 43, 46]]
[[1861, 6, 2, 1983, 4, 15, 24, 26, 30, 45], [907, 19, 8, 1973, 4, 15, 24, 30, 41, 45]]
[[1871, 13, 3, 1983, 3, 6, 15, 21, 27, 37], [2498, 18, 3, 1989, 3, 6, 15, 21, 27, 34], [5114, 26, 1, 2012, 3, 6, 15, 27, 37, 48]]
[[1879, 10, 4, 1983, 5, 10, 16, 34, 35, 42], [3214, 24, 1, 1996, 5, 10, 16, 30, 35, 42]]
[[1881, 17, 4, 1983, 6, 32, 37, 40, 46, 49], [4687, 5, 5, 2009, 6, 32, 40, 45, 46, 49]]
[[1885, 1, 5, 1983, 4, 33, 36, 40, 45, 47], [4408, 4, 7, 2007, 4, 16, 33, 40, 45, 47]]
[[1887, 8, 5, 1983, 6, 11, 25, 34, 37, 45], [103, 1, 2, 1959, 7, 11, 25, 34, 37, 45]]
[[1893, 29, 5, 1983, 4, 7, 11, 19, 24, 31], [363, 26, 1, 1964, 4, 7, 11, 24, 31, 39], [3588, 25, 8, 1999, 4, 7, 11, 19, 24, 33]]
[[1895, 5, 6, 1983, 17, 28, 30, 31, 34, 46], [1693, 28, 6, 1981, 17, 30, 31, 34, 45, 46]]
[[1899, 19, 6, 1983, 2, 10, 21, 26, 35, 41], [1183, 8, 8, 1976, 10, 21, 26, 33, 35, 41]]
[[1921, 4, 9, 1983, 11, 14, 27, 36, 40, 45], [4258, 25, 1, 2006, 5, 11, 14, 36, 40, 45]]
[[1928, 2, 10, 1983, 29, 30, 31, 34, 38, 49], [2808, 4, 3, 1992, 29, 30, 32, 34, 38, 49]]
[[1961, 22, 1, 1984, 8, 16, 22, 37, 45, 47], [1045, 13, 4, 1975, 7, 8, 16, 37, 45, 47]]
[[1967, 12, 2, 1984, 2, 5, 10, 15, 28, 39], [2714, 13, 4, 1991, 2, 5, 11, 15, 28, 39], [6495, 21, 11, 2020, 2, 10, 15, 28, 39, 40]]
[[1972, 4, 3, 1984, 2, 15, 19, 34, 35, 42], [4499, 21, 2, 2008, 2, 15, 19, 34, 35, 44]]
[[1975, 11, 3, 1984, 1, 14, 26, 30, 44, 45], [4070, 7, 4, 2004, 1, 5, 14, 26, 44, 45]]
[[1987, 22, 4, 1984, 8, 14, 21, 29, 35, 36], [381, 31, 5, 1964, 8, 21, 25, 29, 35, 36]]
[[1988, 29, 4, 1984, 9, 18, 30, 33, 45, 46], [3162, 26, 7, 1995, 9, 18, 33, 45, 46, 48]]
[[1998, 2, 6, 1984, 9, 13, 18, 35, 39, 48], [3816, 31, 10, 2001, 9, 18, 30, 35, 39, 48]]
[[2004, 23, 6, 1984, 2, 9, 10, 13, 22, 24], [2632, 30, 6, 1990, 2, 5, 9, 10, 13, 24]]
[[2023, 25, 8, 1984, 2, 18, 33, 36, 39, 46], [3321, 1, 2, 1997, 2, 22, 33, 36, 39, 46]]
[[2033, 29, 9, 1984, 1, 8, 13, 17, 23, 40], [4633, 30, 12, 2008, 8, 11, 13, 17, 23, 40]]
[[2043, 3, 11, 1984, 1, 2, 5, 11, 16, 29], [1689, 14, 6, 1981, 1, 2, 5, 6, 11, 16]]
[[2065, 19, 1, 1985, 10, 16, 24, 25, 32, 36], [17, 26, 5, 1957, 16, 24, 25, 29, 32, 36]]
[[2071, 9, 2, 1985, 5, 10, 17, 33, 39, 46], [4631, 25, 12, 2008, 2, 10, 17, 33, 39, 46]]
[[2098, 18, 5, 1985, 4, 5, 6, 27, 34, 43], [4231, 22, 10, 2005, 5, 6, 14, 27, 34, 43]]
[[2099, 18, 5, 1985, 4, 7, 21, 34, 37, 39], [5989, 29, 8, 2017, 4, 21, 34, 37, 38, 39]]
[[2127, 24, 8, 1985, 3, 21, 24, 34, 36, 37], [1147, 4, 4, 1976, 3, 21, 32, 34, 36, 37]]
[[2128, 31, 8, 1985, 12, 14, 19, 23, 27, 46], [795, 23, 1, 1972, 12, 14, 19, 23, 33, 46]]
[[2138, 5, 10, 1985, 7, 9, 10, 14, 42, 45], [1678, 10, 5, 1981, 7, 9, 14, 27, 42, 45]]
[[2147, 2, 11, 1985, 10, 11, 15, 28, 37, 39], [4640, 15, 1, 2009, 10, 11, 15, 24, 28, 37], [6092, 26, 4, 2018, 1, 10, 11, 15, 37, 39]]
[[2154, 30, 11, 1985, 7, 18, 20, 26, 27, 29], [6026, 23, 11, 2017, 2, 7, 18, 20, 27, 29]]
[[2158, 14, 12, 1985, 1, 2, 4, 5, 10, 31], [1706, 16, 8, 1981, 1, 2, 4, 5, 10, 29]]
[[2170, 25, 1, 1986, 11, 14, 27, 29, 39, 49], [2848, 22, 7, 1992, 11, 14, 27, 35, 39, 49]]
[[2174, 8, 2, 1986, 6, 10, 25, 29, 32, 42], [4529, 1, 5, 2008, 5, 6, 10, 25, 29, 32]]
[[2182, 8, 3, 1986, 2, 11, 13, 31, 37, 41], [3697, 9, 9, 2000, 2, 11, 13, 31, 34, 37]]
[[2187, 22, 3, 1986, 17, 22, 25, 30, 31, 39], [1834, 7, 11, 1982, 12, 17, 22, 25, 30, 31], [4338, 1, 11, 2006, 22, 24, 25, 30, 31, 39]]
[[2188, 29, 3, 1986, 8, 13, 20, 21, 23, 31], [134, 6, 9, 1959, 8, 13, 20, 21, 23, 26]]
[[2191, 5, 4, 1986, 16, 18, 26, 28, 30, 49], [3700, 20, 9, 2000, 16, 18, 19, 26, 30, 49]]
[[2193, 12, 4, 1986, 4, 16, 19, 23, 27, 30], [4751, 1, 10, 2009, 4, 16, 19, 27, 28, 30]]
[[2206, 31, 5, 1986, 2, 19, 23, 31, 32, 40], [1365, 7, 5, 1978, 2, 9, 19, 23, 32, 40]]
[[2208, 7, 6, 1986, 13, 17, 18, 25, 28, 37], [3538, 3, 3, 1999, 13, 17, 18, 21, 25, 37]]
[[2217, 5, 7, 1986, 3, 5, 6, 23, 36, 40], [6133, 31, 7, 2018, 3, 5, 6, 24, 36, 40]]
[[2220, 19, 7, 1986, 6, 8, 24, 27, 40, 49], [4398, 30, 5, 2007, 6, 8, 24, 32, 40, 49]]
[[2231, 23, 8, 1986, 2, 24, 26, 37, 40, 46], [602, 28, 7, 1968, 2, 24, 26, 36, 37, 46]]
[[2251, 1, 11, 1986, 3, 13, 22, 27, 30, 33], [25, 21, 7, 1957, 3, 6, 13, 22, 27, 33]]
[[2274, 24, 1, 1987, 4, 14, 27, 35, 36, 46], [5985, 19, 8, 2017, 4, 15, 27, 35, 36, 46]]
[[2281, 14, 2, 1987, 1, 5, 9, 11, 37, 44], [6066, 24, 2, 2018, 1, 4, 5, 11, 37, 44]]
[[2287, 7, 3, 1987, 7, 11, 18, 21, 29, 46], [6251, 2, 5, 2019, 7, 9, 11, 18, 29, 46]]
[[2293, 28, 3, 1987, 3, 6, 7, 12, 26, 28], [4323, 10, 9, 2006, 3, 6, 7, 12, 28, 32]]
[[2301, 25, 4, 1987, 3, 26, 32, 36, 45, 49], [4972, 1, 3, 2011, 26, 32, 36, 38, 45, 49]]
[[2310, 30, 5, 1987, 5, 9, 29, 33, 35, 49], [3133, 15, 4, 1995, 5, 9, 14, 29, 33, 49]]
[[2311, 30, 5, 1987, 3, 6, 11, 15, 27, 34], [151, 3, 1, 1960, 3, 6, 11, 15, 27, 48], [2498, 18, 3, 1989, 3, 6, 15, 21, 27, 34]]
[[2316, 20, 6, 1987, 7, 8, 24, 25, 31, 44], [2476, 31, 12, 1988, 7, 8, 24, 25, 31, 35]]
[[2326, 25, 7, 1987, 6, 8, 11, 12, 34, 45], [4453, 6, 11, 2007, 6, 11, 12, 15, 34, 45]]
[[2357, 7, 11, 1987, 2, 9, 12, 17, 18, 29], [6104, 24, 5, 2018, 2, 9, 12, 17, 18, 23]]
[[2366, 12, 12, 1987, 1, 5, 10, 15, 28, 41], [847, 5, 11, 1972, 1, 5, 14, 15, 28, 41]]
[[2380, 30, 1, 1988, 13, 26, 30, 32, 34, 46], [112, 5, 4, 1959, 13, 26, 30, 32, 45, 46]]
[[2386, 20, 2, 1988, 3, 22, 29, 35, 41, 47], [5018, 16, 6, 2011, 22, 23, 29, 35, 41, 47]]
[[2389, 27, 2, 1988, 8, 15, 22, 25, 28, 39], [1254, 17, 4, 1977, 8, 22, 25, 28, 35, 39]]
[[2390, 5, 3, 1988, 14, 16, 19, 24, 37, 44], [3333, 15, 3, 1997, 14, 16, 19, 36, 37, 44]]
[[2396, 26, 3, 1988, 3, 7, 22, 26, 32, 42], [4153, 22, 1, 2005, 7, 21, 22, 26, 32, 42]]
[[2399, 2, 4, 1988, 23, 24, 38, 39, 41, 42], [1311, 30, 10, 1977, 17, 23, 24, 38, 39, 42]]
[[2403, 16, 4, 1988, 18, 26, 31, 35, 42, 46], [4749, 26, 9, 2009, 18, 26, 35, 42, 43, 46]]
[[2407, 30, 4, 1988, 6, 10, 11, 24, 33, 43], [4042, 31, 12, 2003, 10, 11, 23, 24, 33, 43]]
[[2431, 23, 7, 1988, 3, 6, 7, 38, 40, 46], [4626, 13, 12, 2008, 3, 7, 38, 40, 43, 46]]
[[2432, 30, 7, 1988, 9, 19, 23, 26, 42, 47], [2548, 9, 9, 1989, 9, 23, 26, 42, 46, 47]]
[[2443, 3, 9, 1988, 5, 9, 14, 24, 29, 40], [2745, 27, 7, 1991, 5, 14, 24, 25, 29, 40]]
[[2451, 1, 10, 1988, 2, 20, 21, 38, 48, 49], [586, 7, 4, 1968, 2, 20, 21, 23, 38, 49]]
[[2452, 8, 10, 1988, 2, 3, 8, 29, 33, 43], [1067, 29, 6, 1975, 2, 3, 8, 17, 29, 33]]
[[2454, 15, 10, 1988, 9, 15, 26, 34, 36, 47], [1570, 27, 4, 1980, 3, 9, 15, 34, 36, 47], [4340, 8, 11, 2006, 15, 26, 34, 36, 47, 49]]
[[2461, 5, 11, 1988, 8, 13, 17, 38, 41, 44], [3269, 3, 8, 1996, 8, 13, 14, 38, 41, 44]]
[[2463, 12, 11, 1988, 1, 5, 8, 22, 25, 49], [2825, 2, 5, 1992, 1, 5, 8, 22, 25, 36]]
[[2470, 10, 12, 1988, 9, 12, 26, 27, 47, 49], [3724, 13, 12, 2000, 9, 22, 26, 27, 47, 49]]
[[2476, 31, 12, 1988, 7, 8, 24, 25, 31, 35], [2316, 20, 6, 1987, 7, 8, 24, 25, 31, 44]]
[[2480, 14, 1, 1989, 12, 19, 36, 38, 39, 42], [3549, 10, 4, 1999, 12, 19, 36, 38, 39, 49]]
[[2481, 14, 1, 1989, 1, 10, 19, 22, 30, 47], [704, 21, 6, 1970, 1, 10, 22, 30, 45, 47]]
[[2498, 18, 3, 1989, 3, 6, 15, 21, 27, 34], [1871, 13, 3, 1983, 3, 6, 15, 21, 27, 37], [2311, 30, 5, 1987, 3, 6, 11, 15, 27, 34]]
[[2501, 25, 3, 1989, 9, 16, 21, 22, 27, 35], [74, 13, 7, 1958, 9, 16, 21, 24, 27, 35]]
[[2503, 1, 4, 1989, 1, 5, 7, 17, 18, 40], [5379, 5, 10, 2013, 1, 5, 17, 18, 27, 40]]
[[2509, 22, 4, 1989, 3, 25, 28, 32, 34, 48], [5941, 9, 5, 2017, 3, 17, 28, 32, 34, 48]]
[[2517, 20, 5, 1989, 15, 16, 21, 22, 40, 49], [6337, 19, 11, 2019, 14, 15, 16, 21, 40, 49]]
[[2524, 17, 6, 1989, 12, 20, 27, 36, 42, 46], [5205, 25, 8, 2012, 12, 27, 36, 42, 45, 46]]
[[2529, 1, 7, 1989, 2, 4, 17, 34, 40, 49], [5836, 6, 9, 2016, 2, 4, 6, 17, 34, 49]]
[[2532, 15, 7, 1989, 11, 12, 14, 35, 39, 42], [4551, 21, 6, 2008, 12, 14, 18, 35, 39, 42], [4999, 3, 5, 2011, 11, 12, 14, 35, 37, 39]]
[[2536, 29, 7, 1989, 9, 27, 31, 34, 37, 39], [6237, 30, 3, 2019, 9, 27, 31, 34, 37, 45]]
[[2538, 5, 8, 1989, 4, 17, 19, 26, 35, 48], [4741, 8, 9, 2009, 4, 7, 19, 26, 35, 48]]
[[2539, 5, 8, 1989, 13, 14, 27, 28, 30, 31], [5316, 11, 5, 2013, 13, 14, 27, 30, 31, 35]]
[[2540, 12, 8, 1989, 1, 10, 15, 32, 44, 48], [4313, 5, 8, 2006, 1, 10, 15, 25, 32, 48]]
[[2548, 9, 9, 1989, 9, 23, 26, 42, 46, 47], [2432, 30, 7, 1988, 9, 19, 23, 26, 42, 47]]
[[2554, 30, 9, 1989, 1, 4, 22, 33, 48, 49], [5671, 18, 8, 2015, 1, 4, 23, 33, 48, 49]]
[[2556, 7, 10, 1989, 8, 14, 16, 20, 46, 49], [1726, 25, 10, 1981, 8, 14, 16, 20, 42, 46], [3515, 12, 12, 1998, 8, 14, 16, 20, 45, 49]]
[[2560, 21, 10, 1989, 2, 6, 8, 16, 25, 48], [6253, 7, 5, 2019, 2, 6, 8, 16, 36, 48]]
[[2578, 23, 12, 1989, 5, 15, 19, 27, 31, 48], [5469, 3, 5, 2014, 4, 5, 15, 19, 27, 48]]
[[2586, 20, 1, 1990, 6, 9, 10, 13, 35, 40], [4696, 26, 5, 2009, 6, 9, 10, 13, 35, 37]]
[[2591, 3, 2, 1990, 5, 12, 24, 26, 39, 46], [1219, 12, 12, 1976, 12, 24, 26, 28, 39, 46]]
[[2620, 19, 5, 1990, 4, 10, 11, 28, 39, 46], [5377, 1, 10, 2013, 4, 10, 11, 21, 28, 39]]
[[2632, 30, 6, 1990, 2, 5, 9, 10, 13, 24], [782, 14, 11, 1971, 1, 2, 5, 9, 10, 13], [2004, 23, 6, 1984, 2, 9, 10, 13, 22, 24]]
[[2633, 30, 6, 1990, 6, 10, 15, 32, 34, 43], [349, 20, 10, 1963, 6, 10, 15, 19, 34, 43]]
[[2649, 25, 8, 1990, 13, 17, 39, 43, 48, 49], [6522, 23, 1, 2021, 13, 17, 35, 39, 43, 48]]
[[2662, 13, 10, 1990, 6, 8, 12, 23, 36, 39], [3141, 13, 5, 1995, 1, 6, 8, 12, 23, 36]]
[[2664, 20, 10, 1990, 20, 27, 32, 33, 43, 46], [1043, 6, 4, 1975, 16, 20, 32, 33, 43, 46], [3444, 8, 4, 1998, 13, 27, 32, 33, 43, 46], [5462, 17, 4, 2014, 20, 24, 27, 33, 43, 46]]
[[2674, 24, 11, 1990, 2, 22, 33, 41, 43, 46], [98, 28, 12, 1958, 2, 22, 23, 33, 41, 43]]
[[2676, 1, 12, 1990, 17, 27, 33, 42, 43, 49], [1362, 30, 4, 1978, 14, 27, 33, 42, 43, 49]]
[[2683, 22, 12, 1990, 14, 17, 26, 30, 35, 46], [6294, 10, 8, 2019, 14, 17, 26, 35, 39, 46]]
[[2686, 5, 1, 1991, 3, 8, 10, 17, 18, 44], [4111, 28, 8, 2004, 3, 7, 8, 10, 17, 44], [4337, 28, 10, 2006, 8, 10, 12, 17, 18, 44]]
[[2688, 12, 1, 1991, 17, 31, 35, 46, 47, 49], [299, 4, 11, 1962, 17, 31, 37, 46, 47, 49]]
[[2711, 30, 3, 1991, 3, 18, 35, 36, 42, 43], [61, 13, 4, 1958, 3, 15, 18, 35, 42, 43]]
[[2714, 13, 4, 1991, 2, 5, 11, 15, 28, 39], [1967, 12, 2, 1984, 2, 5, 10, 15, 28, 39]]
[[2719, 27, 4, 1991, 9, 30, 32, 38, 42, 45], [6363, 18, 1, 2020, 9, 15, 30, 32, 38, 42]]
[[2721, 4, 5, 1991, 6, 13, 23, 32, 41, 47], [4661, 5, 3, 2009, 13, 23, 32, 41, 45, 47]]
[[2730, 8, 6, 1991, 4, 6, 7, 15, 43, 44], [6328, 29, 10, 2019, 6, 7, 15, 27, 43, 44], [6378, 22, 2, 2020, 4, 6, 15, 35, 43, 44]]
[[2736, 29, 6, 1991, 9, 14, 17, 20, 39, 41], [5584, 27, 1, 2015, 9, 11, 17, 20, 39, 41]]
[[2738, 6, 7, 1991, 1, 17, 18, 23, 38, 48], [3362, 25, 6, 1997, 1, 17, 18, 23, 27, 48]]
[[2745, 27, 7, 1991, 5, 14, 24, 25, 29, 40], [2443, 3, 9, 1988, 5, 9, 14, 24, 29, 40]]
[[2769, 19, 10, 1991, 2, 8, 21, 28, 33, 36], [3723, 9, 12, 2000, 1, 2, 8, 21, 33, 36]]
[[2778, 20, 11, 1991, 7, 14, 20, 21, 32, 38], [4928, 18, 11, 2010, 7, 20, 21, 26, 32, 38]]
[[2782, 4, 12, 1991, 9, 23, 36, 44, 45, 47], [1418, 12, 11, 1978, 2, 9, 23, 36, 44, 45]]
[[2786, 18, 12, 1991, 9, 26, 27, 34, 36, 46], [1393, 13, 8, 1978, 9, 27, 34, 36, 40, 46]]
[[2793, 11, 1, 1992, 1, 4, 5, 15, 39, 47], [6130, 24, 7, 2018, 4, 5, 15, 37, 39, 47]]
[[2798, 29, 1, 1992, 9, 14, 16, 27, 47, 49], [1620, 19, 10, 1980, 9, 16, 27, 30, 47, 49]]
[[2808, 4, 3, 1992, 29, 30, 32, 34, 38, 49], [1928, 2, 10, 1983, 29, 30, 31, 34, 38, 49]]
[[2814, 25, 3, 1992, 4, 6, 37, 41, 42, 47], [4606, 28, 10, 2008, 4, 6, 19, 37, 41, 42]]
[[2815, 28, 3, 1992, 4, 17, 28, 38, 40, 42], [3348, 7, 5, 1997, 4, 26, 28, 38, 40, 42]]
[[2825, 2, 5, 1992, 1, 5, 8, 22, 25, 36], [2463, 12, 11, 1988, 1, 5, 8, 22, 25, 49]]
[[2828, 13, 5, 1992, 7, 23, 30, 33, 45, 47], [786, 5, 12, 1971, 15, 23, 30, 33, 45, 47]]
[[2835, 6, 6, 1992, 2, 10, 22, 31, 38, 43], [6376, 18, 2, 2020, 2, 10, 19, 22, 31, 38]]
[[2846, 15, 7, 1992, 15, 16, 23, 31, 32, 35], [5998, 19, 9, 2017, 3, 15, 16, 31, 32, 35]]
[[2847, 18, 7, 1992, 2, 9, 10, 14, 33, 39], [318, 17, 3, 1963, 2, 9, 10, 14, 32, 39]]
[[2848, 22, 7, 1992, 11, 14, 27, 35, 39, 49], [2170, 25, 1, 1986, 11, 14, 27, 29, 39, 49]]
[[2862, 9, 9, 1992, 22, 25, 34, 38, 45, 46], [1420, 19, 11, 1978, 13, 22, 25, 34, 38, 45]]
[[2877, 31, 10, 1992, 23, 26, 36, 39, 40, 45], [5131, 6, 3, 2012, 10, 26, 36, 39, 40, 45]]
[[2896, 6, 1, 1993, 4, 5, 19, 24, 44, 46], [4480, 8, 1, 2008, 4, 5, 19, 24, 29, 44]]
[[2899, 16, 1, 1993, 5, 13, 21, 29, 39, 42], [4116, 15, 9, 2004, 5, 21, 29, 39, 41, 42]]
[[2918, 24, 3, 1993, 3, 6, 8, 14, 18, 26], [1506, 16, 9, 1979, 3, 6, 8, 18, 19, 26]]
[[2925, 17, 4, 1993, 3, 17, 21, 22, 24, 29], [4321, 2, 9, 2006, 3, 17, 19, 21, 22, 29]]
[[2944, 23, 6, 1993, 19, 27, 29, 31, 36, 49], [1242, 6, 3, 1977, 11, 19, 29, 31, 36, 49]]
[[2969, 18, 9, 1993, 2, 3, 13, 28, 31, 39], [5551, 11, 11, 2014, 2, 3, 11, 13, 28, 31]]
[[2972, 29, 9, 1993, 3, 4, 17, 19, 20, 31], [3170, 23, 8, 1995, 3, 4, 17, 19, 20, 36], [3389, 27, 9, 1997, 3, 4, 17, 19, 31, 47]]
[[2977, 16, 10, 1993, 1, 13, 16, 17, 22, 36], [4589, 18, 9, 2008, 1, 13, 16, 17, 22, 37]]
[[2994, 15, 12, 1993, 7, 30, 31, 44, 48, 49], [5755, 1, 3, 2016, 3, 7, 30, 31, 44, 48]]
[[3003, 15, 1, 1994, 7, 11, 13, 15, 16, 38], [430, 2, 5, 1965, 5, 7, 11, 15, 16, 38]]
[[3012, 16, 2, 1994, 5, 9, 27, 28, 30, 34], [5802, 18, 6, 2016, 5, 9, 27, 28, 30, 48]]
[[3022, 23, 3, 1994, 3, 18, 27, 33, 40, 41], [5272, 29, 1, 2013, 3, 13, 27, 33, 40, 41]]
[[3026, 6, 4, 1994, 7, 24, 36, 38, 42, 44], [6154, 18, 9, 2018, 7, 21, 24, 36, 38, 42]]
[[3030, 20, 4, 1994, 1, 3, 13, 18, 23, 38], [5877, 10, 12, 2016, 3, 13, 18, 21, 23, 38]]
[[3032, 27, 4, 1994, 17, 21, 30, 34, 40, 41], [5925, 1, 4, 2017, 17, 21, 30, 40, 41, 44]]
[[3048, 22, 6, 1994, 10, 19, 25, 31, 39, 49], [6113, 14, 6, 2018, 10, 25, 31, 39, 42, 49]]
[[3070, 7, 9, 1994, 4, 12, 25, 30, 35, 41], [3983, 7, 6, 2003, 12, 15, 25, 30, 35, 41]]
[[3074, 21, 9, 1994, 2, 7, 10, 16, 21, 30], [4399, 2, 6, 2007, 2, 10, 16, 21, 30, 44]]
[[3075, 24, 9, 1994, 2, 12, 16, 41, 45, 46], [5878, 13, 12, 2016, 2, 12, 16, 41, 42, 46]]
[[3077, 1, 10, 1994, 18, 21, 33, 44, 45, 49], [3861, 6, 4, 2002, 18, 21, 33, 38, 44, 45]]
[[3088, 9, 11, 1994, 13, 19, 33, 36, 43, 48], [1779, 25, 4, 1982, 13, 19, 33, 36, 43, 49]]
[[3090, 16, 11, 1994, 2, 20, 29, 30, 35, 43], [3762, 25, 4, 2001, 1, 2, 20, 29, 30, 43]]
[[3114, 8, 2, 1995, 3, 21, 23, 30, 40, 41], [4648, 3, 2, 2009, 3, 18, 21, 23, 30, 41]]
[[3131, 8, 4, 1995, 2, 9, 12, 23, 24, 47], [584, 24, 3, 1968, 2, 9, 12, 23, 24, 32]]
[[3132, 12, 4, 1995, 19, 20, 31, 38, 41, 42], [3174, 6, 9, 1995, 19, 31, 38, 41, 42, 43]]
[[3133, 15, 4, 1995, 5, 9, 14, 29, 33, 49], [2310, 30, 5, 1987, 5, 9, 29, 33, 35, 49]]
[[3134, 19, 4, 1995, 5, 6, 9, 11, 17, 23], [5644, 16, 6, 2015, 5, 6, 11, 17, 23, 28]]
[[3135, 22, 4, 1995, 9, 18, 22, 36, 44, 45], [434, 30, 5, 1965, 9, 12, 18, 36, 44, 45]]
[[3141, 13, 5, 1995, 1, 6, 8, 12, 23, 36], [2662, 13, 10, 1990, 6, 8, 12, 23, 36, 39]]
[[3143, 20, 5, 1995, 2, 3, 4, 20, 31, 47], [1612, 21, 9, 1980, 2, 3, 20, 23, 31, 47]]
[[3153, 24, 6, 1995, 7, 9, 13, 15, 28, 49], [502, 11, 9, 1966, 4, 7, 9, 13, 28, 49]]
[[3162, 26, 7, 1995, 9, 18, 33, 45, 46, 48], [1988, 29, 4, 1984, 9, 18, 30, 33, 45, 46]]
[[3166, 9, 8, 1995, 9, 13, 23, 25, 28, 45], [3561, 22, 5, 1999, 9, 13, 23, 25, 28, 49]]
[[3170, 23, 8, 1995, 3, 4, 17, 19, 20, 36], [2972, 29, 9, 1993, 3, 4, 17, 19, 20, 31]]
[[3174, 6, 9, 1995, 19, 31, 38, 41, 42, 43], [3132, 12, 4, 1995, 19, 20, 31, 38, 41, 42]]
[[3187, 21, 10, 1995, 3, 4, 6, 11, 23, 40], [6281, 11, 7, 2019, 4, 6, 11, 23, 40, 49]]
[[3194, 15, 11, 1995, 8, 12, 14, 18, 24, 28], [4441, 9, 10, 2007, 5, 8, 12, 14, 18, 24]]
[[3198, 29, 11, 1995, 4, 15, 21, 22, 43, 48], [3234, 3, 4, 1996, 4, 21, 22, 43, 47, 48]]
[[3206, 27, 12, 1995, 7, 27, 30, 34, 36, 41], [253, 17, 12, 1961, 7, 27, 32, 34, 36, 41], [4332, 11, 10, 2006, 7, 27, 34, 36, 41, 46]]
[[3214, 24, 1, 1996, 5, 10, 16, 30, 35, 42], [1879, 10, 4, 1983, 5, 10, 16, 34, 35, 42]]
[[3230, 20, 3, 1996, 25, 28, 30, 31, 42, 44], [1107, 16, 11, 1975, 25, 28, 30, 31, 35, 42]]
[[3234, 3, 4, 1996, 4, 21, 22, 43, 47, 48], [3198, 29, 11, 1995, 4, 15, 21, 22, 43, 48]]
[[3245, 11, 5, 1996, 2, 14, 22, 23, 31, 34], [5596, 24, 2, 2015, 2, 14, 22, 23, 34, 49]]
[[3254, 12, 6, 1996, 18, 20, 25, 29, 30, 46], [163, 27, 3, 1960, 7, 18, 20, 25, 29, 46]]
[[3256, 19, 6, 1996, 4, 6, 12, 25, 29, 48], [3948, 5, 2, 2003, 6, 12, 25, 29, 35, 48]]
[[3269, 3, 8, 1996, 8, 13, 14, 38, 41, 44], [2461, 5, 11, 1988, 8, 13, 17, 38, 41, 44]]
[[3290, 16, 10, 1996, 9, 18, 20, 26, 29, 43], [3618, 8, 12, 1999, 9, 18, 20, 26, 29, 44]]
[[3298, 13, 11, 1996, 4, 7, 16, 22, 35, 46], [5744, 4, 2, 2016, 4, 7, 16, 22, 42, 46]]
[[3311, 28, 12, 1996, 3, 11, 12, 21, 39, 44], [4455, 10, 11, 2007, 3, 11, 12, 21, 32, 44]]
[[3321, 1, 2, 1997, 2, 22, 33, 36, 39, 46], [2023, 25, 8, 1984, 2, 18, 33, 36, 39, 46]]
[[3327, 22, 2, 1997, 8, 15, 17, 26, 27, 35], [5483, 5, 6, 2014, 8, 15, 17, 27, 29, 35]]
[[3330, 5, 3, 1997, 3, 4, 12, 19, 31, 47], [3389, 27, 9, 1997, 3, 4, 17, 19, 31, 47]]
[[3331, 8, 3, 1997, 8, 10, 21, 32, 40, 41], [1814, 29, 8, 1982, 8, 10, 21, 29, 32, 41]]
[[3333, 15, 3, 1997, 14, 16, 19, 36, 37, 44], [2390, 5, 3, 1988, 14, 16, 19, 24, 37, 44]]
[[3337, 29, 3, 1997, 3, 11, 14, 22, 23, 25], [56, 2, 3, 1958, 11, 14, 19, 22, 23, 25]]
[[3338, 2, 4, 1997, 7, 15, 17, 22, 40, 45], [1204, 24, 10, 1976, 2, 7, 15, 17, 22, 40]]
[[3348, 7, 5, 1997, 4, 26, 28, 38, 40, 42], [2815, 28, 3, 1992, 4, 17, 28, 38, 40, 42]]
[[3362, 25, 6, 1997, 1, 17, 18, 23, 27, 48], [2738, 6, 7, 1991, 1, 17, 18, 23, 38, 48]]
[[3366, 9, 7, 1997, 9, 14, 15, 26, 42, 49], [1546, 3, 2, 1980, 14, 15, 24, 26, 42, 49]]
[[3389, 27, 9, 1997, 3, 4, 17, 19, 31, 47], [2972, 29, 9, 1993, 3, 4, 17, 19, 20, 31], [3330, 5, 3, 1997, 3, 4, 12, 19, 31, 47]]
[[3391, 4, 10, 1997, 4, 11, 25, 28, 36, 43], [694, 12, 4, 1970, 4, 11, 25, 31, 36, 43]]
[[3398, 29, 10, 1997, 9, 20, 29, 42, 44, 46], [1332, 15, 1, 1978, 20, 28, 29, 42, 44, 46]]
[[3424, 28, 1, 1998, 19, 24, 26, 32, 35, 42], [718, 27, 9, 1970, 19, 24, 26, 35, 42, 45]]
[[3444, 8, 4, 1998, 13, 27, 32, 33, 43, 46], [2664, 20, 10, 1990, 20, 27, 32, 33, 43, 46]]
[[3447, 18, 4, 1998, 5, 9, 20, 23, 32, 34], [119, 24, 5, 1959, 5, 17, 20, 23, 32, 34]]
[[3463, 13, 6, 1998, 1, 6, 11, 14, 34, 48], [5539, 14, 10, 2014, 6, 11, 14, 31, 34, 48]]
[[3465, 20, 6, 1998, 4, 5, 27, 34, 36, 46], [4072, 14, 4, 2004, 1, 4, 5, 34, 36, 46]]
[[3471, 11, 7, 1998, 5, 18, 28, 38, 43, 44], [5412, 21, 12, 2013, 18, 27, 28, 38, 43, 44]]
[[3478, 5, 8, 1998, 6, 19, 20, 29, 40, 47], [3996, 23, 7, 2003, 6, 18, 19, 29, 40, 47]]
[[3492, 23, 9, 1998, 6, 9, 16, 19, 22, 38], [3974, 7, 5, 2003, 6, 9, 16, 22, 24, 38]]
[[3501, 24, 10, 1998, 31, 33, 35, 36, 38, 43], [5026, 5, 7, 2011, 15, 31, 35, 36, 38, 43]]
[[3515, 12, 12, 1998, 8, 14, 16, 20, 45, 49], [2556, 7, 10, 1989, 8, 14, 16, 20, 46, 49]]
[[3534, 17, 2, 1999, 12, 18, 22, 30, 38, 45], [228, 25, 6, 1961, 12, 18, 21, 22, 30, 45]]
[[3538, 3, 3, 1999, 13, 17, 18, 21, 25, 37], [2208, 7, 6, 1986, 13, 17, 18, 25, 28, 37]]
[[3549, 10, 4, 1999, 12, 19, 36, 38, 39, 49], [2480, 14, 1, 1989, 12, 19, 36, 38, 39, 42]]
[[3558, 12, 5, 1999, 11, 15, 20, 23, 27, 32], [3927, 23, 11, 2002, 15, 20, 21, 23, 27, 32]]
[[3561, 22, 5, 1999, 9, 13, 23, 25, 28, 49], [3166, 9, 8, 1995, 9, 13, 23, 25, 28, 45]]
[[3562, 26, 5, 1999, 8, 20, 30, 39, 40, 47], [1524, 18, 11, 1979, 8, 20, 30, 36, 40, 47]]
[[3588, 25, 8, 1999, 4, 7, 11, 19, 24, 33], [1893, 29, 5, 1983, 4, 7, 11, 19, 24, 31]]
[[3593, 11, 9, 1999, 12, 17, 21, 35, 41, 49], [80, 24, 8, 1958, 17, 21, 27, 35, 41, 49]]
[[3598, 29, 9, 1999, 3, 13, 14, 26, 29, 37], [6398, 9, 4, 2020, 3, 13, 14, 26, 37, 38]]
[[3618, 8, 12, 1999, 9, 18, 20, 26, 29, 44], [3290, 16, 10, 1996, 9, 18, 20, 26, 29, 43], [5681, 10, 9, 2015, 4, 9, 18, 26, 29, 44]]
[[3624, 29, 12, 1999, 8, 19, 28, 31, 41, 47], [41, 10, 11, 1957, 8, 19, 28, 30, 31, 47]]
[[3655, 15, 4, 2000, 13, 17, 25, 32, 39, 49], [6075, 17, 3, 2018, 13, 25, 32, 34, 39, 49]]
[[3657, 22, 4, 2000, 1, 3, 13, 25, 38, 44], [6125, 12, 7, 2018, 3, 13, 24, 25, 38, 44]]
[[3660, 3, 5, 2000, 2, 15, 17, 24, 40, 43], [1604, 24, 8, 1980, 2, 15, 17, 24, 25, 43]]
[[3661, 6, 5, 2000, 1, 24, 29, 35, 45, 47], [5746, 9, 2, 2016, 24, 25, 29, 35, 45, 47]]
[[3663, 13, 5, 2000, 7, 8, 15, 38, 43, 46], [4386, 18, 4, 2007, 7, 15, 22, 38, 43, 46], [4494, 9, 2, 2008, 7, 8, 30, 38, 43, 46]]
[[3683, 22, 7, 2000, 8, 16, 17, 24, 27, 39], [4223, 24, 9, 2005, 8, 16, 24, 27, 31, 39]]
[[3689, 12, 8, 2000, 4, 9, 24, 39, 44, 45], [1132, 15, 2, 1976, 4, 9, 14, 24, 44, 45]]
[[3697, 9, 9, 2000, 2, 11, 13, 31, 34, 37], [2182, 8, 3, 1986, 2, 11, 13, 31, 37, 41]]
[[3700, 20, 9, 2000, 16, 18, 19, 26, 30, 49], [2191, 5, 4, 1986, 16, 18, 26, 28, 30, 49]]
[[3707, 14, 10, 2000, 5, 7, 10, 13, 36, 38], [5984, 17, 8, 2017, 7, 10, 13, 19, 36, 38]]
[[3709, 21, 10, 2000, 3, 4, 8, 21, 32, 49], [789, 19, 12, 1971, 3, 4, 8, 32, 39, 49]]
[[3723, 9, 12, 2000, 1, 2, 8, 21, 33, 36], [2769, 19, 10, 1991, 2, 8, 21, 28, 33, 36]]
[[3724, 13, 12, 2000, 9, 22, 26, 27, 47, 49], [2470, 10, 12, 1988, 9, 12, 26, 27, 47, 49]]
[[3752, 21, 3, 2001, 2, 14, 22, 24, 26, 34], [6172, 30, 10, 2018, 2, 14, 22, 24, 26, 36]]
[[3762, 25, 4, 2001, 1, 2, 20, 29, 30, 43], [3090, 16, 11, 1994, 2, 20, 29, 30, 35, 43]]
[[3773, 2, 6, 2001, 1, 17, 28, 34, 38, 43], [1738, 6, 12, 1981, 1, 17, 26, 28, 34, 38]]
[[3781, 30, 6, 2001, 7, 9, 21, 36, 39, 41], [5176, 19, 6, 2012, 7, 9, 21, 32, 36, 41]]
[[3797, 25, 8, 2001, 4, 15, 25, 27, 31, 33], [674, 7, 12, 1969, 4, 13, 15, 25, 27, 31]]
[[3810, 10, 10, 2001, 3, 12, 14, 28, 29, 41], [603, 4, 8, 1968, 3, 12, 14, 29, 32, 41]]
[[3816, 31, 10, 2001, 9, 18, 30, 35, 39, 48], [1998, 2, 6, 1984, 9, 13, 18, 35, 39, 48]]
[[3826, 5, 12, 2001, 7, 25, 41, 44, 45, 47], [5231, 25, 10, 2012, 7, 24, 25, 41, 45, 47]]
[[3846, 13, 2, 2002, 1, 15, 24, 33, 42, 43], [1160, 23, 5, 1976, 15, 24, 33, 41, 42, 43]]
[[3848, 20, 2, 2002, 7, 10, 11, 19, 27, 46], [5398, 19, 11, 2013, 7, 10, 11, 12, 19, 27]]
[[3852, 6, 3, 2002, 7, 14, 16, 29, 32, 39], [1475, 27, 5, 1979, 1, 7, 16, 29, 32, 39]]
[[3854, 13, 3, 2002, 2, 4, 27, 30, 32, 48], [1046, 20, 4, 1975, 2, 4, 26, 27, 32, 48]]
[[3861, 6, 4, 2002, 18, 21, 33, 38, 44, 45], [3077, 1, 10, 1994, 18, 21, 33, 44, 45, 49]]
[[3862, 10, 4, 2002, 1, 17, 20, 30, 36, 41], [1123, 11, 1, 1976, 17, 20, 24, 30, 36, 41]]
[[3875, 25, 5, 2002, 7, 24, 27, 29, 46, 49], [5432, 6, 2, 2014, 7, 27, 29, 32, 46, 49]]
[[3879, 8, 6, 2002, 4, 8, 17, 43, 45, 48], [6023, 16, 11, 2017, 4, 8, 17, 33, 45, 48]]
[[3906, 11, 9, 2002, 7, 14, 16, 25, 38, 44], [4909, 5, 10, 2010, 7, 14, 16, 36, 38, 44], [5939, 4, 5, 2017, 7, 14, 25, 38, 44, 49]]
[[3915, 12, 10, 2002, 24, 26, 30, 41, 42, 47], [6327, 26, 10, 2019, 24, 26, 37, 41, 42, 47]]
[[3927, 23, 11, 2002, 15, 20, 21, 23, 27, 32], [3558, 12, 5, 1999, 11, 15, 20, 23, 27, 32]]
[[3936, 25, 12, 2002, 4, 13, 16, 26, 31, 39], [1838, 21, 11, 1982, 4, 8, 16, 26, 31, 39]]
[[3948, 5, 2, 2003, 6, 12, 25, 29, 35, 48], [3256, 19, 6, 1996, 4, 6, 12, 25, 29, 48]]
[[3949, 8, 2, 2003, 19, 22, 23, 29, 35, 43], [5037, 30, 7, 2011, 6, 19, 23, 29, 35, 43]]
[[3963, 29, 3, 2003, 8, 13, 14, 23, 35, 44], [5765, 24, 3, 2016, 13, 14, 15, 23, 35, 44]]
[[3967, 12, 4, 2003, 2, 4, 9, 31, 39, 42], [4940, 16, 12, 2010, 4, 9, 31, 39, 42, 46]]
[[3974, 7, 5, 2003, 6, 9, 16, 22, 24, 38], [3492, 23, 9, 1998, 6, 9, 16, 19, 22, 38]]
[[3983, 7, 6, 2003, 12, 15, 25, 30, 35, 41], [3070, 7, 9, 1994, 4, 12, 25, 30, 35, 41]]
[[3996, 23, 7, 2003, 6, 18, 19, 29, 40, 47], [3478, 5, 8, 1998, 6, 19, 20, 29, 40, 47]]
[[4013, 20, 9, 2003, 5, 15, 18, 21, 24, 28], [1589, 29, 6, 1980, 5, 15, 18, 24, 28, 44]]
[[4042, 31, 12, 2003, 10, 11, 23, 24, 33, 43], [2407, 30, 4, 1988, 6, 10, 11, 24, 33, 43]]
[[4047, 17, 1, 2004, 3, 19, 24, 31, 41, 45], [639, 6, 4, 1969, 3, 19, 24, 41, 42, 45]]
[[4060, 3, 3, 2004, 7, 9, 21, 29, 38, 46], [4593, 27, 9, 2008, 6, 7, 9, 21, 29, 46]]
[[4066, 24, 3, 2004, 6, 21, 29, 35, 38, 39], [1785, 16, 5, 1982, 6, 16, 29, 35, 38, 39]]
[[4070, 7, 4, 2004, 1, 5, 14, 26, 44, 45], [1975, 11, 3, 1984, 1, 14, 26, 30, 44, 45]]
[[4072, 14, 4, 2004, 1, 4, 5, 34, 36, 46], [3465, 20, 6, 1998, 4, 5, 27, 34, 36, 46]]
[[4075, 24, 4, 2004, 1, 14, 15, 28, 37, 41], [847, 5, 11, 1972, 1, 5, 14, 15, 28, 41]]
[[4077, 1, 5, 2004, 8, 21, 22, 25, 36, 44], [76, 27, 7, 1958, 19, 21, 22, 25, 36, 44], [4144, 22, 12, 2004, 21, 22, 25, 26, 36, 44]]
[[4104, 4, 8, 2004, 4, 9, 12, 22, 24, 45], [4618, 25, 11, 2008, 4, 9, 22, 24, 40, 45]]
[[4111, 28, 8, 2004, 3, 7, 8, 10, 17, 44], [2686, 5, 1, 1991, 3, 8, 10, 17, 18, 44]]
[[4113, 4, 9, 2004, 13, 26, 27, 43, 45, 46], [942, 3, 2, 1974, 5, 26, 27, 43, 45, 46]]
[[4116, 15, 9, 2004, 5, 21, 29, 39, 41, 42], [2899, 16, 1, 1993, 5, 13, 21, 29, 39, 42]]
[[4123, 9, 10, 2004, 13, 15, 22, 23, 24, 32], [4888, 17, 8, 2010, 13, 17, 22, 23, 24, 32]]
[[4144, 22, 12, 2004, 21, 22, 25, 26, 36, 44], [76, 27, 7, 1958, 19, 21, 22, 25, 36, 44], [1614, 28, 9, 1980, 21, 22, 25, 26, 42, 44], [4077, 1, 5, 2004, 8, 21, 22, 25, 36, 44]]
[[4153, 22, 1, 2005, 7, 21, 22, 26, 32, 42], [2396, 26, 3, 1988, 3, 7, 22, 26, 32, 42]]
[[4173, 2, 4, 2005, 2, 11, 12, 32, 34, 47], [5790, 21, 5, 2016, 11, 12, 25, 32, 34, 47]]
[[4200, 6, 7, 2005, 15, 18, 24, 27, 30, 34], [950, 10, 3, 1974, 13, 15, 18, 27, 30, 34]]
[[4223, 24, 9, 2005, 8, 16, 24, 27, 31, 39], [3683, 22, 7, 2000, 8, 16, 17, 24, 27, 39]]
[[4231, 22, 10, 2005, 5, 6, 14, 27, 34, 43], [2098, 18, 5, 1985, 4, 5, 6, 27, 34, 43]]
[[4258, 25, 1, 2006, 5, 11, 14, 36, 40, 45], [1921, 4, 9, 1983, 11, 14, 27, 36, 40, 45]]
[[4264, 15, 2, 2006, 10, 23, 28, 32, 41, 49], [5056, 13, 9, 2011, 9, 10, 28, 32, 41, 49], [5828, 18, 8, 2016, 10, 13, 23, 28, 32, 49]]
[[4266, 22, 2, 2006, 4, 19, 21, 38, 42, 45], [5420, 9, 1, 2014, 4, 6, 19, 38, 42, 45]]
[[4267, 25, 2, 2006, 3, 11, 13, 28, 31, 37], [5551, 11, 11, 2014, 2, 3, 11, 13, 28, 31]]
[[4273, 18, 3, 2006, 5, 14, 17, 27, 36, 48], [4334, 18, 10, 2006, 4, 5, 14, 17, 36, 48]]
[[4280, 12, 4, 2006, 2, 15, 18, 25, 26, 46], [5371, 17, 9, 2013, 2, 8, 15, 25, 26, 46]]
[[4310, 26, 7, 2006, 2, 15, 19, 30, 39, 48], [5354, 8, 8, 2013, 2, 15, 19, 30, 37, 48]]
[[4313, 5, 8, 2006, 1, 10, 15, 25, 32, 48], [2540, 12, 8, 1989, 1, 10, 15, 32, 44, 48]]
[[4321, 2, 9, 2006, 3, 17, 19, 21, 22, 29], [2925, 17, 4, 1993, 3, 17, 21, 22, 24, 29]]
[[4323, 10, 9, 2006, 3, 6, 7, 12, 28, 32], [2293, 28, 3, 1987, 3, 6, 7, 12, 26, 28]]
[[4332, 11, 10, 2006, 7, 27, 34, 36, 41, 46], [253, 17, 12, 1961, 7, 27, 32, 34, 36, 41], [3206, 27, 12, 1995, 7, 27, 30, 34, 36, 41]]
[[4334, 18, 10, 2006, 4, 5, 14, 17, 36, 48], [4273, 18, 3, 2006, 5, 14, 17, 27, 36, 48]]
[[4336, 25, 10, 2006, 1, 5, 22, 33, 39, 48], [281, 1, 7, 1962, 5, 8, 22, 33, 39, 48]]
[[4337, 28, 10, 2006, 8, 10, 12, 17, 18, 44], [2686, 5, 1, 1991, 3, 8, 10, 17, 18, 44]]
[[4338, 1, 11, 2006, 22, 24, 25, 30, 31, 39], [2187, 22, 3, 1986, 17, 22, 25, 30, 31, 39]]
[[4340, 8, 11, 2006, 15, 26, 34, 36, 47, 49], [2454, 15, 10, 1988, 9, 15, 26, 34, 36, 47]]
[[4351, 16, 12, 2006, 6, 16, 28, 31, 36, 47], [5885, 29, 12, 2016, 6, 16, 27, 28, 31, 36]]
[[4356, 3, 1, 2007, 18, 31, 38, 45, 46, 49], [5593, 17, 2, 2015, 18, 34, 38, 45, 46, 49]]
[[4372, 28, 2, 2007, 4, 11, 19, 27, 43, 45], [1501, 26, 8, 1979, 11, 19, 27, 31, 43, 45]]
[[4378, 21, 3, 2007, 4, 17, 25, 27, 47, 48], [904, 5, 8, 1973, 4, 13, 25, 27, 47, 48]]
[[4386, 18, 4, 2007, 7, 15, 22, 38, 43, 46], [3663, 13, 5, 2000, 7, 8, 15, 38, 43, 46]]
[[4398, 30, 5, 2007, 6, 8, 24, 32, 40, 49], [2220, 19, 7, 1986, 6, 8, 24, 27, 40, 49]]
[[4399, 2, 6, 2007, 2, 10, 16, 21, 30, 44], [3074, 21, 9, 1994, 2, 7, 10, 16, 21, 30]]
[[4402, 13, 6, 2007, 1, 14, 19, 27, 28, 38], [1371, 28, 5, 1978, 1, 14, 19, 28, 32, 38]]
[[4408, 4, 7, 2007, 4, 16, 33, 40, 45, 47], [1885, 1, 5, 1983, 4, 33, 36, 40, 45, 47]]
[[4415, 28, 7, 2007, 3, 19, 22, 23, 32, 36], [679, 4, 1, 1970, 3, 13, 19, 22, 32, 36]]
[[4423, 25, 8, 2007, 4, 5, 8, 17, 28, 30], [5789, 19, 5, 2016, 4, 5, 8, 17, 25, 30]]
[[4425, 1, 9, 2007, 5, 15, 21, 25, 26, 40], [1410, 15, 10, 1978, 5, 15, 25, 26, 40, 42]]
[[4441, 9, 10, 2007, 5, 8, 12, 14, 18, 24], [3194, 15, 11, 1995, 8, 12, 14, 18, 24, 28]]
[[4443, 13, 10, 2007, 5, 13, 14, 27, 28, 45], [5656, 14, 7, 2015, 5, 13, 14, 28, 42, 45]]
[[4453, 6, 11, 2007, 6, 11, 12, 15, 34, 45], [2326, 25, 7, 1987, 6, 8, 11, 12, 34, 45]]
[[4455, 10, 11, 2007, 3, 11, 12, 21, 32, 44], [3311, 28, 12, 1996, 3, 11, 12, 21, 39, 44]]
[[4480, 8, 1, 2008, 4, 5, 19, 24, 29, 44], [2896, 6, 1, 1993, 4, 5, 19, 24, 44, 46], [5577, 10, 1, 2015, 5, 12, 19, 24, 29, 44]]
[[4482, 12, 1, 2008, 7, 16, 21, 22, 26, 45], [6201, 5, 1, 2019, 7, 16, 18, 21, 22, 26]]
[[4494, 9, 2, 2008, 7, 8, 30, 38, 43, 46], [3663, 13, 5, 2000, 7, 8, 15, 38, 43, 46]]
[[4499, 21, 2, 2008, 2, 15, 19, 34, 35, 44], [1972, 4, 3, 1984, 2, 15, 19, 34, 35, 42]]
[[4529, 1, 5, 2008, 5, 6, 10, 25, 29, 32], [2174, 8, 2, 1986, 6, 10, 25, 29, 32, 42]]
[[4533, 10, 5, 2008, 3, 18, 25, 30, 32, 39], [277, 3, 6, 1962, 12, 18, 25, 30, 32, 39]]
[[4539, 24, 5, 2008, 6, 23, 29, 34, 35, 36], [900, 15, 7, 1973, 6, 29, 34, 35, 36, 41]]
[[4545, 7, 6, 2008, 19, 20, 30, 31, 46, 47], [5111, 19, 1, 2012, 19, 20, 30, 31, 45, 46]]
[[4551, 21, 6, 2008, 12, 14, 18, 35, 39, 42], [2532, 15, 7, 1989, 11, 12, 14, 35, 39, 42]]
[[4577, 21, 8, 2008, 22, 35, 42, 43, 46, 49], [4820, 11, 3, 2010, 4, 22, 35, 42, 43, 49]]
[[4582, 2, 9, 2008, 24, 26, 33, 36, 37, 46], [602, 28, 7, 1968, 2, 24, 26, 36, 37, 46], [1250, 3, 4, 1977, 24, 30, 33, 36, 37, 46]]
[[4585, 9, 9, 2008, 14, 17, 22, 24, 33, 46], [1822, 26, 9, 1982, 14, 17, 18, 22, 33, 46]]
[[4589, 18, 9, 2008, 1, 13, 16, 17, 22, 37], [2977, 16, 10, 1993, 1, 13, 16, 17, 22, 36]]
[[4590, 20, 9, 2008, 5, 15, 25, 27, 45, 47], [5891, 12, 1, 2017, 5, 25, 27, 45, 47, 49], [6475, 6, 10, 2020, 5, 15, 20, 25, 27, 47]]
[[4593, 27, 9, 2008, 6, 7, 9, 21, 29, 46], [4060, 3, 3, 2004, 7, 9, 21, 29, 38, 46]]
[[4602, 18, 10, 2008, 3, 6, 18, 19, 28, 33], [1432, 31, 12, 1978, 3, 18, 19, 28, 33, 47]]
[[4606, 28, 10, 2008, 4, 6, 19, 37, 41, 42], [2814, 25, 3, 1992, 4, 6, 37, 41, 42, 47]]
[[4607, 30, 10, 2008, 2, 22, 31, 36, 44, 46], [1590, 6, 7, 1980, 2, 3, 22, 31, 36, 44]]
[[4617, 22, 11, 2008, 17, 20, 23, 32, 34, 48], [119, 24, 5, 1959, 5, 17, 20, 23, 32, 34]]
[[4618, 25, 11, 2008, 4, 9, 22, 24, 40, 45], [4104, 4, 8, 2004, 4, 9, 12, 22, 24, 45]]
[[4624, 9, 12, 2008, 11, 22, 24, 27, 40, 42], [1360, 23, 4, 1978, 11, 24, 27, 39, 40, 42]]
[[4626, 13, 12, 2008, 3, 7, 38, 40, 43, 46], [2431, 23, 7, 1988, 3, 6, 7, 38, 40, 46]]
[[4631, 25, 12, 2008, 2, 10, 17, 33, 39, 46], [2071, 9, 2, 1985, 5, 10, 17, 33, 39, 46]]
[[4633, 30, 12, 2008, 8, 11, 13, 17, 23, 40], [2033, 29, 9, 1984, 1, 8, 13, 17, 23, 40]]
[[4640, 15, 1, 2009, 10, 11, 15, 24, 28, 37], [2147, 2, 11, 1985, 10, 11, 15, 28, 37, 39]]
[[4648, 3, 2, 2009, 3, 18, 21, 23, 30, 41], [3114, 8, 2, 1995, 3, 21, 23, 30, 40, 41], [4976, 10, 3, 2011, 3, 18, 21, 23, 27, 30]]
[[4654, 17, 2, 2009, 12, 26, 39, 40, 44, 49], [5781, 30, 4, 2016, 23, 26, 39, 40, 44, 49]]
[[4657, 24, 2, 2009, 32, 36, 38, 45, 47, 49], [4972, 1, 3, 2011, 26, 32, 36, 38, 45, 49]]
[[4661, 5, 3, 2009, 13, 23, 32, 41, 45, 47], [2721, 4, 5, 1991, 6, 13, 23, 32, 41, 47]]
[[4687, 5, 5, 2009, 6, 32, 40, 45, 46, 49], [1881, 17, 4, 1983, 6, 32, 37, 40, 46, 49]]
[[4696, 26, 5, 2009, 6, 9, 10, 13, 35, 37], [2586, 20, 1, 1990, 6, 9, 10, 13, 35, 40]]
[[4703, 11, 6, 2009, 21, 23, 31, 35, 39, 41], [1668, 5, 4, 1981, 17, 21, 31, 35, 39, 41]]
[[4725, 1, 8, 2009, 5, 9, 10, 20, 29, 39], [185, 28, 8, 1960, 5, 9, 10, 29, 39, 41]]
[[4729, 11, 8, 2009, 6, 7, 14, 25, 39, 42], [6206, 17, 1, 2019, 6, 7, 13, 14, 39, 42]]
[[4731, 15, 8, 2009, 1, 7, 29, 35, 38, 45], [6088, 17, 4, 2018, 1, 7, 9, 29, 35, 45]]
[[4733, 20, 8, 2009, 3, 5, 18, 19, 33, 47], [1432, 31, 12, 1978, 3, 18, 19, 28, 33, 47]]
[[4735, 25, 8, 2009, 3, 7, 21, 34, 41, 45], [813, 7, 5, 1972, 3, 6, 7, 21, 41, 45]]
[[4741, 8, 9, 2009, 4, 7, 19, 26, 35, 48], [2538, 5, 8, 1989, 4, 17, 19, 26, 35, 48]]
[[4749, 26, 9, 2009, 18, 26, 35, 42, 43, 46], [2403, 16, 4, 1988, 18, 26, 31, 35, 42, 46]]
[[4751, 1, 10, 2009, 4, 16, 19, 27, 28, 30], [2193, 12, 4, 1986, 4, 16, 19, 23, 27, 30], [5794, 31, 5, 2016, 4, 12, 16, 27, 28, 30]]
[[4789, 29, 12, 2009, 8, 16, 19, 30, 31, 47], [41, 10, 11, 1957, 8, 19, 28, 30, 31, 47]]
[[4794, 9, 1, 2010, 2, 3, 16, 25, 38, 40], [6041, 28, 12, 2017, 2, 3, 7, 25, 38, 40]]
[[4801, 26, 1, 2010, 6, 23, 25, 26, 33, 35], [645, 18, 5, 1969, 6, 25, 26, 33, 34, 35]]
[[4820, 11, 3, 2010, 4, 22, 35, 42, 43, 49], [4577, 21, 8, 2008, 22, 35, 42, 43, 46, 49]]
[[4830, 3, 4, 2010, 16, 17, 31, 36, 37, 42], [5896, 24, 1, 2017, 17, 31, 36, 37, 42, 46]]
[[4855, 1, 6, 2010, 1, 14, 25, 28, 34, 41], [166, 17, 4, 1960, 1, 14, 28, 34, 41, 43]]
[[4856, 3, 6, 2010, 17, 20, 29, 43, 44, 45], [6362, 16, 1, 2020, 1, 20, 29, 43, 44, 45]]
[[4861, 15, 6, 2010, 14, 16, 29, 36, 38, 44], [4909, 5, 10, 2010, 7, 14, 16, 36, 38, 44]]
[[4877, 22, 7, 2010, 9, 15, 21, 33, 40, 43], [6400, 14, 4, 2020, 8, 9, 15, 21, 33, 43]]
[[4879, 27, 7, 2010, 1, 6, 27, 34, 40, 46], [325, 5, 5, 1963, 1, 27, 34, 40, 44, 46]]
[[4880, 29, 7, 2010, 2, 4, 22, 30, 31, 32], [77, 3, 8, 1958, 2, 4, 22, 31, 32, 43]]
[[4888, 17, 8, 2010, 13, 17, 22, 23, 24, 32], [4123, 9, 10, 2004, 13, 15, 22, 23, 24, 32]]
[[4909, 5, 10, 2010, 7, 14, 16, 36, 38, 44], [3906, 11, 9, 2002, 7, 14, 16, 25, 38, 44], [4861, 15, 6, 2010, 14, 16, 29, 36, 38, 44]]
[[4924, 9, 11, 2010, 1, 12, 22, 28, 40, 47], [5964, 1, 7, 2017, 12, 22, 28, 30, 40, 47]]
[[4928, 18, 11, 2010, 7, 20, 21, 26, 32, 38], [2778, 20, 11, 1991, 7, 14, 20, 21, 32, 38]]
[[4931, 25, 11, 2010, 19, 22, 25, 28, 40, 46], [1056, 25, 5, 1975, 19, 22, 25, 32, 40, 46]]
[[4936, 7, 12, 2010, 13, 22, 24, 27, 36, 37], [6051, 20, 1, 2018, 22, 24, 25, 27, 36, 37]]
[[4940, 16, 12, 2010, 4, 9, 31, 39, 42, 46], [3967, 12, 4, 2003, 2, 4, 9, 31, 39, 42]]
[[4969, 22, 2, 2011, 1, 15, 17, 31, 42, 46], [5318, 16, 5, 2013, 1, 15, 17, 31, 41, 42]]
[[4972, 1, 3, 2011, 26, 32, 36, 38, 45, 49], [2301, 25, 4, 1987, 3, 26, 32, 36, 45, 49], [4657, 24, 2, 2009, 32, 36, 38, 45, 47, 49]]
[[4976, 10, 3, 2011, 3, 18, 21, 23, 27, 30], [4648, 3, 2, 2009, 3, 18, 21, 23, 30, 41]]
[[4991, 14, 4, 2011, 5, 8, 10, 16, 24, 44], [1731, 8, 11, 1981, 8, 10, 16, 24, 29, 44]]
[[4999, 3, 5, 2011, 11, 12, 14, 35, 37, 39], [2532, 15, 7, 1989, 11, 12, 14, 35, 39, 42]]
[[5018, 16, 6, 2011, 22, 23, 29, 35, 41, 47], [2386, 20, 2, 1988, 3, 22, 29, 35, 41, 47]]
[[5020, 21, 6, 2011, 2, 5, 19, 32, 41, 46], [1263, 15, 5, 1977, 5, 8, 19, 32, 41, 46]]
[[5021, 23, 6, 2011, 3, 11, 12, 28, 29, 43], [503, 18, 9, 1966, 3, 10, 11, 12, 28, 29]]
[[5026, 5, 7, 2011, 15, 31, 35, 36, 38, 43], [3501, 24, 10, 1998, 31, 33, 35, 36, 38, 43]]
[[5029, 12, 7, 2011, 14, 17, 28, 29, 48, 49], [929, 2, 12, 1973, 13, 17, 28, 29, 48, 49]]
[[5037, 30, 7, 2011, 6, 19, 23, 29, 35, 43], [3949, 8, 2, 2003, 19, 22, 23, 29, 35, 43]]
[[5043, 13, 8, 2011, 15, 20, 29, 33, 34, 46], [549, 30, 7, 1967, 15, 20, 29, 33, 39, 46]]
[[5048, 25, 8, 2011, 10, 21, 37, 39, 43, 46], [5619, 18, 4, 2015, 10, 21, 34, 37, 43, 46]]
[[5049, 27, 8, 2011, 1, 22, 37, 40, 48, 49], [6537, 27, 2, 2021, 1, 22, 37, 40, 42, 48]]
[[5056, 13, 9, 2011, 9, 10, 28, 32, 41, 49], [4264, 15, 2, 2006, 10, 23, 28, 32, 41, 49]]
[[5086, 22, 11, 2011, 6, 9, 19, 28, 31, 35], [1690, 21, 6, 1981, 6, 19, 24, 28, 31, 35]]
[[5094, 10, 12, 2011, 11, 17, 23, 38, 42, 46], [1755, 31, 1, 1982, 11, 17, 19, 23, 38, 42]]
[[5111, 19, 1, 2012, 19, 20, 30, 31, 45, 46], [4545, 7, 6, 2008, 19, 20, 30, 31, 46, 47]]
[[5113, 24, 1, 2012, 27, 30, 41, 42, 44, 49], [1109, 23, 11, 1975, 8, 27, 30, 41, 44, 49]]
[[5114, 26, 1, 2012, 3, 6, 15, 27, 37, 48], [151, 3, 1, 1960, 3, 6, 11, 15, 27, 48], [1871, 13, 3, 1983, 3, 6, 15, 21, 27, 37]]
[[5131, 6, 3, 2012, 10, 26, 36, 39, 40, 45], [2877, 31, 10, 1992, 23, 26, 36, 39, 40, 45]]
[[5146, 10, 4, 2012, 3, 4, 18, 20, 39, 43], [1572, 4, 5, 1980, 3, 4, 18, 19, 39, 43]]
[[5156, 3, 5, 2012, 18, 19, 24, 25, 40, 42], [1279, 10, 7, 1977, 19, 24, 25, 37, 40, 42]]
[[5166, 26, 5, 2012, 7, 14, 20, 25, 39, 46], [5825, 11, 8, 2016, 7, 8, 20, 25, 39, 46]]
[[5176, 19, 6, 2012, 7, 9, 21, 32, 36, 41], [3781, 30, 6, 2001, 7, 9, 21, 36, 39, 41]]
[[5185, 10, 7, 2012, 5, 8, 13, 35, 45, 49], [996, 20, 10, 1974, 5, 8, 11, 13, 35, 49]]
[[5205, 25, 8, 2012, 12, 27, 36, 42, 45, 46], [2524, 17, 6, 1989, 12, 20, 27, 36, 42, 46]]
[[5215, 18, 9, 2012, 17, 22, 32, 35, 41, 44], [5717, 3, 12, 2015, 17, 32, 35, 39, 41, 44]]
[[5225, 11, 10, 2012, 2, 4, 16, 37, 38, 48], [1579, 25, 5, 1980, 2, 16, 37, 38, 45, 48]]
[[5231, 25, 10, 2012, 7, 24, 25, 41, 45, 47], [3826, 5, 12, 2001, 7, 25, 41, 44, 45, 47]]
[[5243, 22, 11, 2012, 7, 17, 21, 27, 41, 49], [80, 24, 8, 1958, 17, 21, 27, 35, 41, 49]]
[[5256, 22, 12, 2012, 2, 14, 22, 43, 44, 48], [71, 22, 6, 1958, 2, 14, 22, 44, 48, 49]]
[[5264, 10, 1, 2013, 5, 21, 27, 29, 30, 49], [1486, 8, 7, 1979, 5, 12, 27, 29, 30, 49]]
[[5272, 29, 1, 2013, 3, 13, 27, 33, 40, 41], [3022, 23, 3, 1994, 3, 18, 27, 33, 40, 41]]
[[5283, 23, 2, 2013, 6, 10, 12, 22, 30, 45], [1627, 9, 11, 1980, 6, 10, 12, 22, 30, 46], [5331, 15, 6, 2013, 6, 10, 12, 22, 30, 37]]
[[5316, 11, 5, 2013, 13, 14, 27, 30, 31, 35], [175, 19, 6, 1960, 13, 14, 27, 31, 35, 40], [2539, 5, 8, 1989, 13, 14, 27, 28, 30, 31]]
[[5318, 16, 5, 2013, 1, 15, 17, 31, 41, 42], [4969, 22, 2, 2011, 1, 15, 17, 31, 42, 46]]
[[5331, 15, 6, 2013, 6, 10, 12, 22, 30, 37], [1627, 9, 11, 1980, 6, 10, 12, 22, 30, 46], [5283, 23, 2, 2013, 6, 10, 12, 22, 30, 45]]
[[5354, 8, 8, 2013, 2, 15, 19, 30, 37, 48], [4310, 26, 7, 2006, 2, 15, 19, 30, 39, 48]]
[[5359, 20, 8, 2013, 4, 18, 26, 31, 33, 42], [6477, 10, 10, 2020, 4, 16, 18, 26, 31, 42]]
[[5360, 22, 8, 2013, 2, 3, 17, 26, 30, 42], [1588, 29, 6, 1980, 2, 3, 26, 30, 42, 45]]
[[5371, 17, 9, 2013, 2, 8, 15, 25, 26, 46], [4280, 12, 4, 2006, 2, 15, 18, 25, 26, 46]]
[[5372, 19, 9, 2013, 5, 16, 17, 23, 24, 33], [1355, 2, 4, 1978, 16, 17, 23, 24, 27, 33]]
[[5377, 1, 10, 2013, 4, 10, 11, 21, 28, 39], [2620, 19, 5, 1990, 4, 10, 11, 28, 39, 46]]
[[5379, 5, 10, 2013, 1, 5, 17, 18, 27, 40], [2503, 1, 4, 1989, 1, 5, 7, 17, 18, 40]]
[[5388, 26, 10, 2013, 12, 13, 16, 28, 40, 47], [5461, 15, 4, 2014, 12, 13, 15, 16, 40, 47]]
[[5390, 31, 10, 2013, 2, 4, 18, 20, 22, 29], [884, 6, 5, 1973, 2, 4, 15, 20, 22, 29]]
[[5398, 19, 11, 2013, 7, 10, 11, 12, 19, 27], [3848, 20, 2, 2002, 7, 10, 11, 19, 27, 46]]
[[5410, 17, 12, 2013, 5, 15, 16, 27, 45, 48], [206, 22, 1, 1961, 5, 15, 27, 37, 45, 48]]
[[5412, 21, 12, 2013, 18, 27, 28, 38, 43, 44], [3471, 11, 7, 1998, 5, 18, 28, 38, 43, 44]]
[[5420, 9, 1, 2014, 4, 6, 19, 38, 42, 45], [4266, 22, 2, 2006, 4, 19, 21, 38, 42, 45]]
[[5430, 1, 2, 2014, 4, 18, 24, 30, 36, 37], [1005, 24, 11, 1974, 4, 18, 24, 30, 35, 36]]
[[5432, 6, 2, 2014, 7, 27, 29, 32, 46, 49], [3875, 25, 5, 2002, 7, 24, 27, 29, 46, 49]]
[[5436, 15, 2, 2014, 16, 21, 27, 32, 42, 44], [881, 15, 4, 1973, 16, 21, 22, 32, 42, 44]]
[[5439, 22, 2, 2014, 14, 27, 33, 43, 48, 49], [1362, 30, 4, 1978, 14, 27, 33, 42, 43, 49]]
[[5458, 8, 4, 2014, 11, 13, 17, 29, 30, 46], [1675, 26, 4, 1981, 11, 13, 29, 30, 44, 46]]
[[5461, 15, 4, 2014, 12, 13, 15, 16, 40, 47], [5388, 26, 10, 2013, 12, 13, 16, 28, 40, 47]]
[[5462, 17, 4, 2014, 20, 24, 27, 33, 43, 46], [2664, 20, 10, 1990, 20, 27, 32, 33, 43, 46]]
[[5465, 24, 4, 2014, 5, 8, 18, 23, 30, 32], [765, 1, 8, 1971, 5, 13, 18, 23, 30, 32]]
[[5469, 3, 5, 2014, 4, 5, 15, 19, 27, 48], [2578, 23, 12, 1989, 5, 15, 19, 27, 31, 48]]
[[5475, 17, 5, 2014, 1, 6, 12, 15, 28, 32], [290, 2, 9, 1962, 1, 6, 10, 15, 28, 32]]
[[5479, 27, 5, 2014, 3, 11, 20, 29, 36, 45], [1704, 9, 8, 1981, 3, 11, 25, 29, 36, 45]]
[[5483, 5, 6, 2014, 8, 15, 17, 27, 29, 35], [3327, 22, 2, 1997, 8, 15, 17, 26, 27, 35]]
[[5539, 14, 10, 2014, 6, 11, 14, 31, 34, 48], [3463, 13, 6, 1998, 1, 6, 11, 14, 34, 48]]
[[5551, 11, 11, 2014, 2, 3, 11, 13, 28, 31], [2969, 18, 9, 1993, 2, 3, 13, 28, 31, 39], [4267, 25, 2, 2006, 3, 11, 13, 28, 31, 37]]
[[5560, 2, 12, 2014, 3, 7, 18, 40, 46, 47], [6536, 25, 2, 2021, 3, 7, 14, 18, 40, 46]]
[[5577, 10, 1, 2015, 5, 12, 19, 24, 29, 44], [4480, 8, 1, 2008, 4, 5, 19, 24, 29, 44]]
[[5584, 27, 1, 2015, 9, 11, 17, 20, 39, 41], [2736, 29, 6, 1991, 9, 14, 17, 20, 39, 41]]
[[5593, 17, 2, 2015, 18, 34, 38, 45, 46, 49], [4356, 3, 1, 2007, 18, 31, 38, 45, 46, 49]]
[[5596, 24, 2, 2015, 2, 14, 22, 23, 34, 49], [3245, 11, 5, 1996, 2, 14, 22, 23, 31, 34]]
[[5619, 18, 4, 2015, 10, 21, 34, 37, 43, 46], [5048, 25, 8, 2011, 10, 21, 37, 39, 43, 46]]
[[5644, 16, 6, 2015, 5, 6, 11, 17, 23, 28], [3134, 19, 4, 1995, 5, 6, 9, 11, 17, 23]]
[[5656, 14, 7, 2015, 5, 13, 14, 28, 42, 45], [4443, 13, 10, 2007, 5, 13, 14, 27, 28, 45]]
[[5669, 13, 8, 2015, 14, 23, 33, 40, 41, 46], [6365, 23, 1, 2020, 22, 23, 33, 40, 41, 46]]
[[5671, 18, 8, 2015, 1, 4, 23, 33, 48, 49], [2554, 30, 9, 1989, 1, 4, 22, 33, 48, 49]]
[[5672, 20, 8, 2015, 6, 16, 21, 30, 47, 48], [618, 17, 11, 1968, 6, 16, 21, 30, 40, 47]]
[[5681, 10, 9, 2015, 4, 9, 18, 26, 29, 44], [3618, 8, 12, 1999, 9, 18, 20, 26, 29, 44]]
[[5700, 24, 10, 2015, 17, 21, 28, 29, 39, 45], [6409, 5, 5, 2020, 21, 28, 29, 39, 45, 49]]
[[5717, 3, 12, 2015, 17, 32, 35, 39, 41, 44], [5215, 18, 9, 2012, 17, 22, 32, 35, 41, 44]]
[[5735, 14, 1, 2016, 3, 4, 8, 26, 33, 38], [1298, 18, 9, 1977, 3, 4, 26, 28, 33, 38]]
[[5744, 4, 2, 2016, 4, 7, 16, 22, 42, 46], [3298, 13, 11, 1996, 4, 7, 16, 22, 35, 46]]
[[5746, 9, 2, 2016, 24, 25, 29, 35, 45, 47], [3661, 6, 5, 2000, 1, 24, 29, 35, 45, 47]]
[[5755, 1, 3, 2016, 3, 7, 30, 31, 44, 48], [2994, 15, 12, 1993, 7, 30, 31, 44, 48, 49]]
[[5765, 24, 3, 2016, 13, 14, 15, 23, 35, 44], [3963, 29, 3, 2003, 8, 13, 14, 23, 35, 44]]
[[5781, 30, 4, 2016, 23, 26, 39, 40, 44, 49], [4654, 17, 2, 2009, 12, 26, 39, 40, 44, 49]]
[[5789, 19, 5, 2016, 4, 5, 8, 17, 25, 30], [4423, 25, 8, 2007, 4, 5, 8, 17, 28, 30]]
[[5790, 21, 5, 2016, 11, 12, 25, 32, 34, 47], [4173, 2, 4, 2005, 2, 11, 12, 32, 34, 47]]
[[5794, 31, 5, 2016, 4, 12, 16, 27, 28, 30], [4751, 1, 10, 2009, 4, 16, 19, 27, 28, 30]]
[[5798, 9, 6, 2016, 11, 24, 33, 35, 41, 47], [5865, 12, 11, 2016, 10, 11, 24, 33, 35, 47]]
[[5800, 14, 6, 2016, 1, 2, 13, 26, 37, 44], [1793, 13, 6, 1982, 1, 2, 26, 37, 43, 44]]
[[5802, 18, 6, 2016, 5, 9, 27, 28, 30, 48], [3012, 16, 2, 1994, 5, 9, 27, 28, 30, 34]]
[[5812, 12, 7, 2016, 2, 7, 9, 23, 42, 47], [223, 21, 5, 1961, 2, 7, 9, 23, 26, 47]]
[[5825, 11, 8, 2016, 7, 8, 20, 25, 39, 46], [5166, 26, 5, 2012, 7, 14, 20, 25, 39, 46]]
[[5828, 18, 8, 2016, 10, 13, 23, 28, 32, 49], [4264, 15, 2, 2006, 10, 23, 28, 32, 41, 49]]
[[5831, 25, 8, 2016, 7, 8, 34, 35, 37, 48], [6002, 28, 9, 2017, 8, 10, 34, 35, 37, 48]]
[[5835, 3, 9, 2016, 2, 20, 37, 44, 47, 49], [550, 6, 8, 1967, 2, 20, 30, 44, 47, 49]]
[[5836, 6, 9, 2016, 2, 4, 6, 17, 34, 49], [441, 18, 7, 1965, 2, 4, 6, 17, 27, 49], [2529, 1, 7, 1989, 2, 4, 17, 34, 40, 49]]
[[5844, 24, 9, 2016, 5, 6, 9, 15, 28, 46], [6350, 19, 12, 2019, 5, 6, 15, 28, 32, 46]]
[[5865, 12, 11, 2016, 10, 11, 24, 33, 35, 47], [5798, 9, 6, 2016, 11, 24, 33, 35, 41, 47]]
[[5877, 10, 12, 2016, 3, 13, 18, 21, 23, 38], [3030, 20, 4, 1994, 1, 3, 13, 18, 23, 38]]
[[5878, 13, 12, 2016, 2, 12, 16, 41, 42, 46], [3075, 24, 9, 1994, 2, 12, 16, 41, 45, 46]]
[[5880, 17, 12, 2016, 7, 33, 37, 45, 47, 48], [6506, 17, 12, 2020, 6, 7, 33, 37, 45, 47]]
[[5885, 29, 12, 2016, 6, 16, 27, 28, 31, 36], [4351, 16, 12, 2006, 6, 16, 28, 31, 36, 47]]
[[5891, 12, 1, 2017, 5, 25, 27, 45, 47, 49], [4590, 20, 9, 2008, 5, 15, 25, 27, 45, 47]]
[[5896, 24, 1, 2017, 17, 31, 36, 37, 42, 46], [4830, 3, 4, 2010, 16, 17, 31, 36, 37, 42]]
[[5921, 23, 3, 2017, 14, 21, 32, 38, 42, 44], [1605, 24, 8, 1980, 14, 21, 38, 40, 42, 44]]
[[5924, 30, 3, 2017, 6, 18, 23, 25, 30, 34], [125, 5, 7, 1959, 6, 23, 25, 29, 30, 34]]
[[5925, 1, 4, 2017, 17, 21, 30, 40, 41, 44], [3032, 27, 4, 1994, 17, 21, 30, 34, 40, 41]]
[[5939, 4, 5, 2017, 7, 14, 25, 38, 44, 49], [3906, 11, 9, 2002, 7, 14, 16, 25, 38, 44]]
[[5941, 9, 5, 2017, 3, 17, 28, 32, 34, 48], [2509, 22, 4, 1989, 3, 25, 28, 32, 34, 48]]
[[5942, 11, 5, 2017, 3, 22, 23, 28, 38, 43], [210, 19, 2, 1961, 3, 22, 23, 28, 40, 43]]
[[5943, 13, 5, 2017, 6, 11, 23, 37, 44, 46], [6000, 23, 9, 2017, 11, 22, 23, 37, 44, 46]]
[[5945, 18, 5, 2017, 4, 17, 24, 34, 40, 47], [1111, 30, 11, 1975, 4, 24, 34, 40, 44, 47]]
[[5964, 1, 7, 2017, 12, 22, 28, 30, 40, 47], [4924, 9, 11, 2010, 1, 12, 22, 28, 40, 47]]
[[5984, 17, 8, 2017, 7, 10, 13, 19, 36, 38], [3707, 14, 10, 2000, 5, 7, 10, 13, 36, 38]]
[[5985, 19, 8, 2017, 4, 15, 27, 35, 36, 46], [2274, 24, 1, 1987, 4, 14, 27, 35, 36, 46]]
[[5989, 29, 8, 2017, 4, 21, 34, 37, 38, 39], [2099, 18, 5, 1985, 4, 7, 21, 34, 37, 39]]
[[5998, 19, 9, 2017, 3, 15, 16, 31, 32, 35], [2846, 15, 7, 1992, 15, 16, 23, 31, 32, 35]]
[[6000, 23, 9, 2017, 11, 22, 23, 37, 44, 46], [5943, 13, 5, 2017, 6, 11, 23, 37, 44, 46]]
[[6002, 28, 9, 2017, 8, 10, 34, 35, 37, 48], [5831, 25, 8, 2016, 7, 8, 34, 35, 37, 48]]
[[6019, 7, 11, 2017, 2, 8, 18, 27, 30, 46], [837, 17, 9, 1972, 2, 8, 18, 30, 44, 46]]
[[6023, 16, 11, 2017, 4, 8, 17, 33, 45, 48], [3879, 8, 6, 2002, 4, 8, 17, 43, 45, 48]]
[[6026, 23, 11, 2017, 2, 7, 18, 20, 27, 29], [2154, 30, 11, 1985, 7, 18, 20, 26, 27, 29]]
[[6036, 16, 12, 2017, 1, 13, 27, 31, 33, 41], [1674, 26, 4, 1981, 1, 21, 27, 31, 33, 41]]
[[6037, 19, 12, 2017, 9, 13, 31, 34, 35, 40], [308, 6, 1, 1963, 9, 13, 19, 31, 35, 40]]
[[6041, 28, 12, 2017, 2, 3, 7, 25, 38, 40], [4794, 9, 1, 2010, 2, 3, 16, 25, 38, 40]]
[[6051, 20, 1, 2018, 22, 24, 25, 27, 36, 37], [4936, 7, 12, 2010, 13, 22, 24, 27, 36, 37]]
[[6059, 8, 2, 2018, 5, 17, 20, 24, 39, 43], [762, 11, 7, 1971, 5, 13, 20, 24, 39, 43]]
[[6066, 24, 2, 2018, 1, 4, 5, 11, 37, 44], [2281, 14, 2, 1987, 1, 5, 9, 11, 37, 44]]
[[6075, 17, 3, 2018, 13, 25, 32, 34, 39, 49], [3655, 15, 4, 2000, 13, 17, 25, 32, 39, 49]]
[[6086, 12, 4, 2018, 3, 6, 7, 22, 32, 41], [1722, 11, 10, 1981, 3, 7, 22, 32, 41, 46]]
[[6088, 17, 4, 2018, 1, 7, 9, 29, 35, 45], [4731, 15, 8, 2009, 1, 7, 29, 35, 38, 45]]
[[6092, 26, 4, 2018, 1, 10, 11, 15, 37, 39], [2147, 2, 11, 1985, 10, 11, 15, 28, 37, 39]]
[[6104, 24, 5, 2018, 2, 9, 12, 17, 18, 23], [2357, 7, 11, 1987, 2, 9, 12, 17, 18, 29]]
[[6108, 2, 6, 2018, 3, 8, 12, 19, 27, 36], [1710, 30, 8, 1981, 3, 8, 18, 19, 27, 36]]
[[6110, 7, 6, 2018, 23, 26, 30, 31, 32, 35], [466, 9, 1, 1966, 17, 23, 26, 30, 31, 32]]
[[6113, 14, 6, 2018, 10, 25, 31, 39, 42, 49], [3048, 22, 6, 1994, 10, 19, 25, 31, 39, 49]]
[[6116, 21, 6, 2018, 6, 9, 22, 30, 34, 39], [284, 22, 7, 1962, 6, 9, 30, 31, 34, 39]]
[[6125, 12, 7, 2018, 3, 13, 24, 25, 38, 44], [3657, 22, 4, 2000, 1, 3, 13, 25, 38, 44]]
[[6130, 24, 7, 2018, 4, 5, 15, 37, 39, 47], [2793, 11, 1, 1992, 1, 4, 5, 15, 39, 47]]
[[6133, 31, 7, 2018, 3, 5, 6, 24, 36, 40], [2217, 5, 7, 1986, 3, 5, 6, 23, 36, 40]]
[[6154, 18, 9, 2018, 7, 21, 24, 36, 38, 42], [3026, 6, 4, 1994, 7, 24, 36, 38, 42, 44]]
[[6172, 30, 10, 2018, 2, 14, 22, 24, 26, 36], [1477, 3, 6, 1979, 2, 14, 24, 26, 36, 40], [3752, 21, 3, 2001, 2, 14, 22, 24, 26, 34]]
[[6188, 6, 12, 2018, 2, 21, 24, 27, 35, 36], [1847, 19, 12, 1982, 2, 13, 21, 24, 27, 36]]
[[6201, 5, 1, 2019, 7, 16, 18, 21, 22, 26], [4482, 12, 1, 2008, 7, 16, 21, 22, 26, 45]]
[[6206, 17, 1, 2019, 6, 7, 13, 14, 39, 42], [4729, 11, 8, 2009, 6, 7, 14, 25, 39, 42]]
[[6208, 22, 1, 2019, 1, 10, 14, 36, 38, 44], [1380, 2, 7, 1978, 1, 14, 34, 36, 38, 44]]
[[6237, 30, 3, 2019, 9, 27, 31, 34, 37, 45], [2536, 29, 7, 1989, 9, 27, 31, 34, 37, 39]]
[[6251, 2, 5, 2019, 7, 9, 11, 18, 29, 46], [2287, 7, 3, 1987, 7, 11, 18, 21, 29, 46]]
[[6253, 7, 5, 2019, 2, 6, 8, 16, 36, 48], [2560, 21, 10, 1989, 2, 6, 8, 16, 25, 48]]
[[6281, 11, 7, 2019, 4, 6, 11, 23, 40, 49], [3187, 21, 10, 1995, 3, 4, 6, 11, 23, 40]]
[[6294, 10, 8, 2019, 14, 17, 26, 35, 39, 46], [2683, 22, 12, 1990, 14, 17, 26, 30, 35, 46]]
[[6300, 24, 8, 2019, 13, 18, 23, 27, 40, 48], [340, 18, 8, 1963, 13, 18, 20, 23, 27, 40]]
[[6327, 26, 10, 2019, 24, 26, 37, 41, 42, 47], [3915, 12, 10, 2002, 24, 26, 30, 41, 42, 47]]
[[6328, 29, 10, 2019, 6, 7, 15, 27, 43, 44], [2730, 8, 6, 1991, 4, 6, 7, 15, 43, 44]]
[[6334, 12, 11, 2019, 9, 20, 34, 40, 42, 43], [478, 27, 3, 1966, 6, 9, 20, 34, 40, 42]]
[[6337, 19, 11, 2019, 14, 15, 16, 21, 40, 49], [2517, 20, 5, 1989, 15, 16, 21, 22, 40, 49]]
[[6350, 19, 12, 2019, 5, 6, 15, 28, 32, 46], [5844, 24, 9, 2016, 5, 6, 9, 15, 28, 46]]
[[6362, 16, 1, 2020, 1, 20, 29, 43, 44, 45], [4856, 3, 6, 2010, 17, 20, 29, 43, 44, 45]]
[[6363, 18, 1, 2020, 9, 15, 30, 32, 38, 42], [2719, 27, 4, 1991, 9, 30, 32, 38, 42, 45]]
[[6365, 23, 1, 2020, 22, 23, 33, 40, 41, 46], [5669, 13, 8, 2015, 14, 23, 33, 40, 41, 46]]
[[6376, 18, 2, 2020, 2, 10, 19, 22, 31, 38], [2835, 6, 6, 1992, 2, 10, 22, 31, 38, 43]]
[[6378, 22, 2, 2020, 4, 6, 15, 35, 43, 44], [2730, 8, 6, 1991, 4, 6, 7, 15, 43, 44]]
[[6398, 9, 4, 2020, 3, 13, 14, 26, 37, 38], [3598, 29, 9, 1999, 3, 13, 14, 26, 29, 37]]
[[6400, 14, 4, 2020, 8, 9, 15, 21, 33, 43], [4877, 22, 7, 2010, 9, 15, 21, 33, 40, 43]]
[[6407, 30, 4, 2020, 10, 17, 23, 26, 30, 32], [466, 9, 1, 1966, 17, 23, 26, 30, 31, 32]]
[[6409, 5, 5, 2020, 21, 28, 29, 39, 45, 49], [5700, 24, 10, 2015, 17, 21, 28, 29, 39, 45]]
[[6411, 9, 5, 2020, 8, 28, 32, 36, 37, 40], [677, 21, 12, 1969, 3, 28, 32, 36, 37, 40]]
[[6469, 22, 9, 2020, 16, 20, 27, 30, 38, 47], [761, 4, 7, 1971, 20, 27, 30, 38, 47, 49]]
[[6475, 6, 10, 2020, 5, 15, 20, 25, 27, 47], [4590, 20, 9, 2008, 5, 15, 25, 27, 45, 47]]
[[6477, 10, 10, 2020, 4, 16, 18, 26, 31, 42], [5359, 20, 8, 2013, 4, 18, 26, 31, 33, 42]]
[[6487, 3, 11, 2020, 3, 6, 10, 25, 33, 45], [1827, 10, 10, 1982, 3, 6, 7, 25, 33, 45]]
[[6491, 12, 11, 2020, 3, 5, 8, 15, 22, 28], [263, 25, 2, 1962, 2, 5, 8, 15, 22, 28]]
[[6495, 21, 11, 2020, 2, 10, 15, 28, 39, 40], [1967, 12, 2, 1984, 2, 5, 10, 15, 28, 39]]
[[6506, 17, 12, 2020, 6, 7, 33, 37, 45, 47], [5880, 17, 12, 2016, 7, 33, 37, 45, 47, 48]]
[[6511, 29, 12, 2020, 1, 17, 23, 37, 45, 48], [338, 4, 8, 1963, 1, 5, 17, 23, 37, 48]]
[[6522, 23, 1, 2021, 13, 17, 35, 39, 43, 48], [2649, 25, 8, 1990, 13, 17, 39, 43, 48, 49]]
[[6536, 25, 2, 2021, 3, 7, 14, 18, 40, 46], [5560, 2, 12, 2014, 3, 7, 18, 40, 46, 47]]
[[6537, 27, 2, 2021, 1, 22, 37, 40, 42, 48], [5049, 27, 8, 2011, 1, 22, 37, 40, 48, 49]]